# z      luminosity_distance
    0.010120    45.617581
    0.010380    38.673085
    0.010430    44.168009
    0.010820    48.154660
    0.012090    57.299244
    0.012200    56.090238
    0.012260    56.896496
    0.012680    55.764812
    0.012710    58.429564
    0.012910    52.911876
    0.013180    50.382432
    0.013820    61.020818
    0.014020    61.631517
    0.014470    69.973111
    0.014510    65.192804
    0.014540    62.813830
    0.014720    66.469826
    0.015040    72.201975
    0.015060    79.174269
    0.015200    73.879068
    0.015300    66.395015
    0.015310    65.420581
    0.015310    57.237051
    0.015320    71.194837
    0.015670    70.530711
    0.015680    69.295251
    0.015720    70.694500
    0.016290    63.332493
    0.016350    70.755348
    0.016620    75.383978
    0.016630    72.890791
    0.016780    85.357643
    0.016970    70.453370
    0.016980    64.710482
    0.017050    77.345030
    0.017240    74.156777
    0.017260    86.836031
    0.017320    72.051177
    0.017400    91.717719
    0.017410    85.344808
    0.017520    82.481641
    0.017540    90.242236
    0.017630    79.683182
    0.019080    84.776725
    0.019700    78.427733
    0.019720    92.707018
    0.020200    90.085301
    0.020240    87.523777
    0.020310    86.376548
    0.020380    84.007718
    0.020400    83.599107
    0.020910    89.280131
    0.021200   107.469488
    0.021710   102.499834
    0.021890    92.737556
    0.021970   109.980312
    0.022100   103.816075
    0.022230   104.691854
    0.022490   106.043308
    0.022750   106.808170
    0.023480   103.541511
    0.023490    96.771213
    0.023840   109.617542
    0.023980   104.204883
    0.024010   106.257910
    0.024140    97.313874
    0.024540   115.516278
    0.024770   118.875728
    0.024820   127.202410
    0.025250   117.326423
    0.025290   103.286371
    0.025470   119.483492
    0.025570   105.685532
    0.025590   116.697805
    0.025800   115.486752
    0.026270   116.534024
    0.026390   129.836900
    0.026430   105.424798
    0.026510   118.747038
    0.026730   134.597999
    0.026890   124.284323
    0.027510   122.313954
    0.027520   124.503764
    0.027520   124.482044
    0.027630   123.325562
    0.028110   120.610644
    0.028370   127.497787
    0.028450   128.015470
    0.028460   126.923991
    0.028780   124.124701
    0.028800   117.830890
    0.028940   123.353862
    0.029320   140.950379
    0.029500   125.154607
    0.029900   117.711965
    0.030010   138.615429
    0.030480   142.205623
    0.030490   135.642823
    0.030550   128.094808
    0.031440   139.979776
    0.031550   155.698106
    0.031610   131.762248
    0.031630   145.143995
    0.031840   158.854479
    0.031910   154.439307
    0.032120   131.138697
    0.032200   140.354293
    0.032730   148.301900
    0.032800   132.881089
    0.032920   150.499294
    0.033140   147.525751
    0.033480   145.322913
    0.033590   161.074212
    0.033780   133.025661
    0.033990   145.867567
    0.034080   156.094918
    0.034110   159.788300
    0.034160   144.768068
    0.034260   162.857332
    0.034340   157.988301
    0.034380   147.117384
    0.034890   169.137801
    0.035010   161.804181
    0.035070   170.265605
    0.035180   168.264871
    0.035780   165.080964
    0.036820   182.240035
    0.037000   158.878610
    0.037130   150.450363
    0.037300   158.238273
    0.037430   184.143515
    0.037910   181.621632
    0.038000   157.294023
    0.038270   177.923366
    0.038370   167.060481
    0.038630   169.522247
    0.039840   178.470946
    0.040280   184.938196
    0.040670   195.885666
    0.040930   191.837741
    0.040930   195.924552
    0.041500   180.592541
    0.042690   186.803703
    0.043100   214.140824
    0.043410   187.115667
    0.044370   199.418439
    0.044370   179.904444
    0.044860   239.853222
    0.045820   226.270110
    0.045970   215.432107
    0.046510   212.141227
    0.047100   214.731903
    0.047130   212.254337
    0.047140   218.390238
    0.048190   230.490128
    0.049490   223.910542
    0.049760   237.699860
    0.050350   220.142948
    0.050670   237.426214
    0.050920   249.963851
    0.053220   233.993249
    0.053440   243.816545
    0.053590   262.984758
    0.054180   234.438696
    0.054580   237.864136
    0.054950   247.874247
    0.055730   242.407097
    0.055810   302.366815
    0.056840   273.059173
    0.057150   250.812985
    0.057210   285.258813
    0.058900   292.765399
    0.058950   265.618226
    0.059480   273.450430
    0.061190   302.003477
    0.064410   297.283951
    0.064550   279.158655
    0.064810   296.088015
    0.065590   288.711368
    0.066410   319.111244
    0.068450   329.371430
    0.068770   317.729573
    0.068880   289.205048
    0.070600   359.390760
    0.070630   325.505607
    0.071410   327.569534
    0.071800   338.390498
    0.073690   346.660713
    0.075150   368.001019
    0.075230   378.964395
    0.075500   365.957816
    0.078770   379.437147
    0.078830   360.905427
    0.079760   382.921253
    0.081620   388.840336
    0.082230   342.550042
    0.082860   381.553583
    0.083280   432.737147
    0.085340   420.376929
    0.085750   390.360244
    0.087980   400.008883
    0.088330   437.888127
    0.088590   402.930492
    0.089600   461.316860
    0.091210   450.313439
    0.092010   440.059335
    0.092780   416.844288
    0.093900   429.654539
    0.094000   428.190696
    0.096410   466.203353
    0.099290   481.835466
    0.100360   458.817651
    0.100440   472.978472
    0.102270   503.713520
    0.102420   497.133425
    0.102800   495.066675
    0.102930   442.523501
    0.102980   467.013684
    0.103400   496.219515
    0.103600   456.499082
    0.105880   519.756144
    0.106430   496.786339
    0.106890   509.477537
    0.107200   516.789259
    0.107570   517.909812
    0.109020   528.107881
    0.109890   519.759426
    0.112290   540.932803
    0.113760   542.549459
    0.116390   575.726900
    0.116590   549.943968
    0.117620   589.564792
    0.117820   572.515757
    0.117870   586.042658
    0.118700   542.257672
    0.118700   592.281291
    0.119440   588.211740
    0.119810   627.641226
    0.120050   540.351642
    0.120290   547.175326
    0.120680   585.476306
    0.121750   560.511965
    0.121800   599.825413
    0.122110   544.351803
    0.122900   623.899378
    0.122910   593.383070
    0.123470   629.046207
    0.123650   590.128883
    0.123680   626.004463
    0.124400   617.312338
    0.125310   600.080935
    0.126200   579.507673
    0.126310   628.797832
    0.126720   585.121232
    0.126790   638.542662
    0.126870   661.877915
    0.127830   627.285606
    0.128910   700.607332
    0.129130   638.349365
    0.129240   594.138944
    0.129410   663.801908
    0.129950   619.035137
    0.132260   603.864817
    0.132690   597.198657
    0.133660   662.832189
    0.135230   680.628759
    0.135270   686.691501
    0.136530   614.037099
    0.136590   628.364184
    0.136720   687.499222
    0.136790   640.560948
    0.137120   756.861955
    0.137960   675.584378
    0.138060   668.066305
    0.138160   675.824682
    0.138230   657.617597
    0.138470   673.310803
    0.138550   683.944801
    0.138800   657.830759
    0.139470   652.962522
    0.140550   659.746657
    0.141350   624.986415
    0.141670   697.695800
    0.143430   653.991212
    0.143930   689.343557
    0.144060   661.770019
    0.144620   663.561480
    0.145190   688.616976
    0.145390   616.601989
    0.145660   762.121026
    0.146480   635.502792
    0.147110   761.373155
    0.147230   715.848933
    0.147610   720.427802
    0.147740   744.651355
    0.148640   761.832208
    0.149490   847.655035
    0.150620   726.459592
    0.150690   735.722449
    0.151710   738.216156
    0.152530   784.779967
    0.152690   798.833492
    0.152860   738.721495
    0.152980   684.424932
    0.153330   793.728583
    0.153520   785.615122
    0.154740   709.574658
    0.154900   707.893621
    0.154990   730.706866
    0.156250   834.058943
    0.156700   875.826071
    0.156800   877.604486
    0.156800   799.346756
    0.158190   860.700762
    0.158810   889.199479
    0.159330   810.832934
    0.159480   864.690524
    0.160180   786.316970
    0.160310   735.627890
    0.160400   748.730148
    0.160460   813.776493
    0.160530   763.672339
    0.161390   769.831183
    0.161630   746.508634
    0.162670   813.077224
    0.163820   878.339037
    0.164480   828.838093
    0.165030   867.900643
    0.165140   819.241543
    0.165760   812.132020
    0.167990   876.456732
    0.169400   793.576041
    0.169410   854.355935
    0.170080   859.113239
    0.170430   900.857698
    0.171440   785.828772
    0.171570   868.188026
    0.172810   855.616315
    0.173310   938.984371
    0.173540   790.359549
    0.173590   875.131510
    0.173650   963.847457
    0.173710   844.515378
    0.174200   884.700834
    0.174240   845.243279
    0.174610   832.379654
    0.175370   877.778916
    0.176750   797.060347
    0.176850   871.563326
    0.177080   951.827864
    0.177460   870.990757
    0.177480   874.198483
    0.177700   927.233067
    0.177720   915.657700
    0.178180   964.458061
    0.178310   922.672776
    0.178700   909.314984
    0.178930   944.249915
    0.179200  1057.985678
    0.179670   822.453640
    0.179720   931.663146
    0.180040   871.179234
    0.180460   815.725743
    0.180580   929.539876
    0.180600   788.093636
    0.180710   848.266297
    0.181220   952.705128
    0.181410   904.252162
    0.181520   970.762928
    0.182120   836.778968
    0.182230   912.720032
    0.182610   879.611291
    0.183530   891.294359
    0.183560   978.620849
    0.183650   917.797865
    0.184460   855.562315
    0.184600   843.439826
    0.184600   893.905274
    0.184780   950.491270
    0.184840   957.886302
    0.185380   949.544098
    0.185420   952.807437
    0.185420   881.491096
    0.185620   985.444659
    0.186280   921.273919
    0.189050   924.223378
    0.189100   868.004114
    0.189140   905.104597
    0.189590   999.324955
    0.189880   967.061346
    0.190050  1062.392876
    0.190240  1005.194932
    0.190700  1105.640503
    0.191410   921.873026
    0.191900   940.914431
    0.193580  1091.909640
    0.195700  1097.804541
    0.195820   946.942111
    0.195900   966.565940
    0.196020  1059.638925
    0.196300  1096.155627
    0.196500  1111.673886
    0.196940   988.583298
    0.197310   985.334839
    0.197770  1046.633201
    0.198400  1066.439268
    0.198450  1099.158262
    0.198600   971.108615
    0.199400  1026.189456
    0.199580  1035.586872
    0.199800   846.151900
    0.200720   932.408210
    0.200730   929.775506
    0.201920   975.654297
    0.202440  1099.901952
    0.202840  1056.882674
    0.202910  1040.403272
    0.202990   940.948752
    0.203110  1036.548426
    0.203140   963.708827
    0.203240  1011.126170
    0.204310  1115.745204
    0.204930   934.177518
    0.205320  1100.875303
    0.205620  1079.228066
    0.205840  1028.611734
    0.207100   902.021139
    0.208240  1023.944715
    0.208270  1018.599410
    0.208610  1119.037868
    0.208800   977.863636
    0.209820  1003.890030
    0.210280  1013.382401
    0.210370  1167.984723
    0.210530  1164.578611
    0.210730  1026.647393
    0.210750  1180.834933
    0.210750  1105.376807
    0.210790  1111.511106
    0.211390  1113.609492
    0.211540   977.754434
    0.211980  1041.413334
    0.212310  1032.692142
    0.213110  1067.659368
    0.213130  1039.286312
    0.213270  1137.370471
    0.214320   994.344486
    0.214340   975.115857
    0.214900  1062.820278
    0.216410  1179.541558
    0.216510  1278.487746
    0.217310  1097.964788
    0.217350   969.765051
    0.217910   966.395153
    0.218400  1134.321058
    0.218600  1126.109174
    0.218610  1058.244382
    0.219110  1231.648639
    0.219290  1245.063206
    0.219460  1219.852088
    0.219500  1068.988094
    0.219860  1117.169857
    0.220430  1243.681978
    0.221460  1168.377408
    0.221460  1156.775755
    0.222300  1060.387623
    0.222590  1044.151590
    0.223080  1127.982268
    0.223740  1112.021550
    0.224250  1102.265253
    0.224480  1112.222376
    0.225100  1173.557012
    0.225560  1175.979148
    0.225620  1151.261073
    0.226440  1207.127602
    0.227960  1250.198681
    0.228530  1123.554877
    0.228890  1190.842413
    0.229390  1184.492229
    0.229430  1235.516376
    0.230270  1131.012557
    0.230710  1072.902245
    0.230860  1208.175745
    0.231520  1197.105536
    0.233530  1265.252659
    0.233590  1108.689004
    0.233620  1105.831901
    0.234660  1162.813561
    0.235170  1270.165916
    0.236030  1282.105622
    0.236430  1203.689370
    0.236570  1178.328888
    0.236800  1279.590845
    0.237530  1158.401825
    0.238230  1227.489390
    0.238510  1459.128905
    0.239430  1213.007175
    0.240010  1241.989223
    0.240740  1218.461418
    0.241110  1246.463425
    0.241460  1218.816360
    0.241620  1215.819101
    0.241770  1182.215538
    0.242370  1375.696536
    0.242750  1306.376591
    0.242880  1173.388374
    0.243170  1261.202442
    0.244100  1296.561631
    0.244880  1298.377792
    0.244940  1306.227364
    0.245100  1323.037367
    0.245260  1359.199219
    0.245270  1217.833270
    0.245300  1338.843051
    0.245750  1391.462712
    0.245830  1245.457377
    0.245990  1242.159539
    0.246150  1245.468661
    0.246160  1253.616484
    0.246490  1344.689021
    0.248050  1211.641876
    0.248280  1331.397973
    0.248320  1337.698267
    0.248490  1327.060433
    0.248620  1271.752722
    0.248800  1398.590706
    0.249000  1187.675884
    0.249310  1385.764671
    0.249430  1412.779332
    0.249540  1281.215457
    0.249990  1332.374506
    0.250010  1350.369717
    0.250100  1410.454054
    0.250120  1145.927849
    0.250500  1329.258260
    0.250510  1298.764720
    0.250850  1373.028922
    0.251490  1404.000950
    0.251630  1468.136657
    0.252180  1205.735947
    0.252490  1287.903394
    0.253400  1291.515402
    0.255770  1489.996882
    0.256260  1336.030313
    0.256410  1232.338760
    0.256540  1361.378096
    0.256900  1497.481492
    0.256930  1229.482125
    0.257400  1314.836252
    0.257690  1234.195113
    0.258480  1427.018243
    0.260430  1319.663697
    0.260510  1554.967343
    0.260880  1390.809751
    0.261100  1335.292655
    0.261320  1596.607869
    0.261360  1376.472990
    0.261990  1654.474607
    0.263120  1498.755884
    0.263180  1365.526528
    0.263270  1399.943438
    0.263490  1398.566958
    0.263770  1256.756340
    0.263880  1275.629659
    0.263880  1328.403991
    0.264190  1491.058579
    0.264600  1420.636864
    0.265500  1335.586304
    0.266580  1510.132934
    0.268010  1355.423521
    0.268260  1269.655531
    0.268280  1346.279709
    0.268480  1473.429262
    0.268490  1394.647812
    0.268620  1519.496713
    0.269910  1421.804992
    0.270010  1428.282480
    0.270470  1444.737014
    0.270570  1497.088126
    0.270880  1358.412107
    0.271310  1471.933166
    0.273070  1338.791966
    0.274460  1383.180202
    0.275090  1517.660332
    0.275090  1535.211682
    0.275110  1431.924624
    0.275400  1379.518813
    0.276310  1544.158531
    0.277160  1327.593680
    0.278050  1420.063738
    0.279000  1371.604902
    0.279460  1341.562435
    0.279890  1465.789569
    0.280510  1466.640000
    0.282510  1524.445953
    0.283130  1425.762678
    0.283600  1543.946880
    0.283970  1602.581297
    0.284000  1508.050738
    0.284030  1251.242418
    0.285090  1540.583932
    0.285400  1395.057715
    0.285460  1717.278284
    0.285780  1463.689054
    0.286220  1745.127026
    0.286310  1516.011169
    0.287070  1491.333174
    0.287120  1721.398952
    0.288450  1605.055612
    0.288540  1540.665487
    0.289600  1616.274003
    0.290030  1457.765111
    0.290200  1490.260575
    0.290800  1555.391846
    0.290900  1593.765444
    0.291210  1537.649201
    0.291720  1641.395744
    0.292120  1555.684509
    0.292450  1542.529384
    0.292820  1505.858822
    0.292910  1742.917786
    0.293180  1734.803011
    0.295320  1730.319084
    0.295600  1543.637674
    0.296490  1634.619778
    0.298430  1601.934820
    0.298590  1625.053582
    0.298800  1403.497516
    0.299110  1466.044351
    0.299480  1496.177289
    0.300040  1630.025760
    0.300060  1928.698899
    0.300120  1569.194645
    0.300780  1469.003684
    0.301430  1537.647826
    0.301560  1617.718503
    0.301580  1594.210836
    0.302490  1510.705372
    0.303170  1588.171865
    0.303370  1539.585449
    0.303690  1486.800582
    0.305250  1620.731973
    0.305380  1675.414618
    0.305490  1620.536750
    0.305670  1559.823432
    0.306170  1620.769235
    0.306420  1659.292531
    0.306660  1708.531220
    0.308010  1831.651268
    0.308800  1631.228920
    0.308940  1610.981848
    0.309000  1599.445878
    0.309200  1685.823282
    0.310320  1688.009834
    0.310790  1887.747021
    0.311560  1823.127320
    0.312620  1780.817054
    0.313530  1577.117491
    0.314370  1772.185619
    0.314680  1909.904972
    0.314800  1544.625357
    0.315550  1597.758405
    0.315790  1736.328996
    0.317740  1837.875534
    0.318110  1703.627037
    0.318410  1471.935340
    0.318940  1613.703188
    0.318940  1597.217737
    0.320070  1709.657739
    0.320920  1624.594320
    0.320950  1685.289198
    0.322180  1626.497224
    0.324540  1723.499470
    0.325290  1862.366829
    0.325310  1694.765795
    0.325530  1677.494768
    0.326010  1738.755674
    0.327530  1877.724693
    0.328320  1574.626420
    0.328400  1561.900426
    0.328410  1564.069293
    0.328910  2179.334321
    0.329440  1996.287154
    0.329440  1732.768502
    0.330150  1905.490770
    0.330590  1909.372476
    0.330600  1651.421335
    0.330700  1680.924941
    0.330810  1711.732944
    0.330940  1892.710334
    0.330960  1739.039238
    0.331590  1800.308723
    0.331590  1877.401971
    0.331800  1927.049273
    0.332930  1717.125791
    0.333980  2270.294866
    0.334930  1738.348325
    0.337420  1824.373513
    0.337480  1997.201158
    0.337530  1813.945258
    0.338290  1796.506949
    0.338480  1926.055807
    0.338500  1884.277277
    0.340520  1914.206592
    0.340920  1868.616423
    0.341600  1911.813317
    0.345460  1802.739653
    0.345930  1856.084206
    0.346880  1851.830839
    0.347010  1773.548196
    0.348720  1964.663102
    0.349020  1824.216368
    0.349230  1838.164028
    0.349310  1842.354217
    0.349570  1904.736864
    0.349570  2087.338447
    0.350700  1998.905301
    0.350920  1926.224848
    0.351570  1887.986724
    0.351610  1917.567885
    0.353060  1970.901363
    0.353630  2095.145095
    0.355270  1859.591717
    0.355820  2122.365686
    0.358330  2013.411657
    0.358580  2062.762438
    0.359020  1972.829199
    0.360010  1846.960900
    0.360200  1919.812719
    0.360820  2031.799623
    0.361350  1994.154606
    0.361650  1980.365102
    0.364910  2104.696305
    0.366160  2437.058765
    0.366460  2094.272506
    0.367830  1865.084168
    0.367910  2136.429597
    0.369240  1970.673068
    0.369390  1983.137680
    0.370030  2079.246679
    0.370130  1980.384710
    0.370500  1961.320246
    0.370510  1932.821013
    0.370530  2069.242622
    0.370600  1971.045792
    0.370890  2068.546585
    0.371440  1925.945651
    0.371500  2071.767094
    0.371640  2105.430722
    0.373500  2245.935623
    0.373860  1994.999637
    0.378600  2338.385173
    0.379490  2079.346486
    0.379900  2087.927038
    0.380030  2320.680269
    0.380540  2141.266634
    0.380830  1975.168206
    0.381640  2067.148997
    0.381710  2128.441336
    0.382460  2191.615691
    0.384470  2379.396234
    0.385980  2023.857437
    0.387340  2292.768725
    0.387750  1915.078424
    0.388870  2105.797773
    0.392670  2089.557508
    0.400480  2243.724333
    0.400780  2226.200626
    0.400800  2266.068361
    0.402140  2361.691013
    0.404550  2169.245650
    0.404710  2449.954264
    0.405470  2328.237587
    0.409270  2254.290509
    0.409460  2413.423200
    0.409960  2346.465358
    0.411310  2627.325490
    0.411550  2160.888545
    0.416640  2342.458946
    0.418650  2269.133212
    0.419290  2668.411473
    0.419300  2503.826104
    0.419570  2283.043884
    0.420280  2610.637845
    0.420860  2277.606236
    0.422440  2400.826783
    0.423530  2179.572630
    0.423590  2566.990754
    0.426930  2252.143843
    0.426960  2501.039890
    0.427840  2798.664578
    0.428660  2523.088245
    0.428860  2243.109632
    0.429670  2308.308759
    0.430150  2350.060407
    0.434870  2474.571156
    0.435440  2453.712547
    0.436730  2575.811563
    0.438850  2365.009426
    0.439270  2678.242512
    0.440070  2629.465658
    0.440580  2594.628392
    0.442550  2318.069961
    0.443680  2594.645763
    0.447580  2546.043552
    0.449560  2653.264545
    0.450590  2477.503055
    0.450700  2375.376921
    0.451550  2773.054156
    0.451690  2546.837246
    0.451730  2401.560131
    0.460400  2896.995825
    0.461010  2590.337164
    0.461270  2753.439911
    0.461560  2559.879855
    0.466400  3001.805599
    0.466640  2552.767324
    0.468400  2804.764955
    0.470390  2518.381499
    0.470570  2754.828953
    0.470580  2455.864186
    0.471750  2362.465256
    0.475720  2723.738834
    0.477960  2970.128003
    0.479420  2714.316773
    0.480400  2696.927221
    0.480570  2721.501394
    0.480720  3040.697280
    0.481760  3127.716498
    0.488810  3064.884816
    0.494800  2677.751628
    0.497370  2924.416981
    0.500740  2954.166444
    0.500910  2508.852718
    0.502750  3334.471231
    0.502760  2831.435358
    0.503090  2919.872061
    0.507180  2875.391269
    0.507360  2797.777767
    0.508180  3353.443953
    0.510020  2951.844652
    0.510900  2936.523593
    0.511760  2877.599203
    0.513800  2976.390481
    0.514340  3109.026044
    0.514760  3459.917028
    0.515590  3357.407065
    0.518790  2980.596401
    0.519410  3238.316464
    0.519610  2965.671445
    0.522780  3046.392025
    0.528510  2939.188527
    0.532780  3178.037359
    0.533780  2938.661088
    0.534330  3020.149848
    0.535320  3113.146198
    0.535780  3042.978338
    0.545390  3256.300627
    0.548310  2872.445341
    0.550140  3534.854310
    0.550310  3083.578035
    0.552600  3623.750831
    0.553810  3805.084671
    0.557750  3167.772532
    0.558750  3507.265293
    0.558750  3798.174945
    0.562760  3586.969167
    0.564750  3339.333657
    0.575840  3251.429685
    0.576130  3813.255650
    0.576610  3517.666645
    0.578240  4114.462415
    0.578280  3420.311518
    0.578750  3216.476450
    0.579600  3645.755544
    0.580600  3391.177760
    0.580730  3477.599042
    0.582940  3521.957893
    0.583280  3678.617603
    0.583750  3449.345446
    0.583750  3671.282406
    0.585750  3491.701081
    0.587280  3497.995020
    0.588730  3379.945107
    0.590270  3415.189485
    0.591850  3410.446534
    0.600600  3362.068243
    0.603260  3889.106659
    0.608250  3415.637242
    0.609870  3533.524699
    0.610640  3874.392743
    0.611240  3717.654263
    0.615700  3515.768450
    0.619920  3834.850902
    0.620630  3406.552914
    0.621890  3859.113248
    0.625220  4088.324635
    0.627230  4098.916665
    0.630560  4011.175444
    0.630710  4003.397149
    0.631900  3516.645185
    0.632220  3634.299290
    0.637710  3719.361429
    0.638220  3913.929517
    0.641910  3804.449906
    0.643640  4471.179062
    0.643640  4093.475862
    0.647640  4467.430490
    0.648640  4119.287388
    0.662060  4714.301458
    0.664640  4671.869907
    0.670650  4375.240102
    0.677670  5007.516796
    0.681960  3645.221742
    0.683660  3323.209216
    0.685170  4604.209007
    0.688660  4646.266508
    0.690650  4318.038259
    0.693150  4298.860112
    0.697150  4803.001286
    0.698160  3998.241069
    0.699150  4397.046142
    0.699160  4321.668307
    0.699980  4438.408104
    0.700640  4576.996192
    0.701150  4000.307240
    0.701980  4399.916507
    0.701980  4050.809408
    0.715650  3941.378969
    0.718680  4325.211506
    0.719630  5681.154197
    0.720130  4078.589310
    0.720680  4418.236569
    0.726680  4789.291065
    0.727670  4543.450719
    0.730120  4478.018126
    0.733620  4565.462344
    0.734010  3968.994343
    0.735000  4736.036642
    0.735010  4419.913099
    0.735610  4906.412943
    0.736020  4794.802169
    0.736690  4530.325264
    0.740000  4762.550688
    0.742020  5522.962723
    0.742700  5248.540611
    0.745660  4275.703232
    0.746130  5112.041828
    0.749090  5475.886706
    0.750680  4227.544138
    0.756690  4824.245202
    0.759050  4764.420044
    0.760700  4575.301442
    0.761080  4686.898863
    0.761590  4306.980903
    0.765600  5017.200163
    0.766600  4810.533702
    0.766680  4658.671924
    0.767060  5495.150970
    0.768590  4952.446603
    0.773070  5243.972405
    0.776600  5145.205353
    0.788050  5325.729185
    0.789040  4840.603946
    0.796560  5073.289731
    0.798570  5960.968664
    0.800700  5624.947662
    0.805690  4851.374001
    0.805690  5476.694647
    0.806030  4498.408804
    0.808040  4978.005564
    0.809020  5707.787571
    0.810720  5446.964154
    0.813690  5644.848795
    0.817730  6329.524169
    0.822120  6280.512996
    0.822690  5885.432097
    0.828540  5584.627114
    0.836990  5940.588402
    0.838140  5209.646456
    0.839990  5426.442327
    0.840530  6206.716968
    0.842140  5611.253243
    0.847970  5187.234148
    0.848520  5649.275018
    0.850730  5891.930522
    0.852980  5592.893155
    0.854000  4811.938560
    0.858510  5436.204772
    0.858520  5726.017541
    0.858520  6082.434788
    0.863970  5420.509875
    0.864500  5451.209014
    0.866500  6070.510714
    0.872170  5815.418146
    0.877960  5852.801616
    0.890730  5768.414174
    0.893200  6031.262350
    0.896930  6431.925364
    0.901730  5857.758255
    0.910750  5799.760563
    0.913480  6094.321459
    0.922230  6329.140707
    0.922240  5671.280198
    0.924910  6126.368424
    0.926240  6450.119112
    0.927900  6643.378395
    0.931890  6094.909242
    0.932250  6799.208952
    0.933890  6680.039452
    0.935000  5155.373997
    0.936750  6605.704573
    0.946880  5875.895979
    0.948460  6153.081102
    0.950760  6192.979698
    0.958860  7149.799254
    0.960740  6718.862813
    0.960750  6354.301925
    0.970000  6419.602178
    0.975200  6964.452118
    0.983300  7027.808486
    0.983410  5852.864993
    0.983770  6627.862518
    0.996400  6322.632286
    0.997810  6981.175650
    1.002790  7463.513295
    1.014000  8263.130177
    1.020000  7497.322172
    1.028790  6986.661948
    1.060800  6467.450228
    1.092000  8998.222146
    1.120000  6848.612026
    1.206000  9545.902636
    1.230000  9831.639757
    1.230000  7905.343013
    1.300000  9368.616538
    1.305000 10503.686600
    1.315000  9555.135961
    1.330000  9144.236897
    1.340000 11002.658135
    1.370000 10451.411864
    1.390000 10076.168432
    1.540000 11058.196869
    1.550000 13273.692791
    1.700000 15216.172240
    1.800000 14398.223543
    1.914000 15200.935806
    2.260000 17930.243813
