# z      distance_modulus     err
    0.010120    33.295661     0.198250
    0.010380    32.937044     0.204800
    0.010430    33.225539     0.200350
    0.010820    33.413192     0.184450
    0.012090    33.790744     0.191400
    0.012200    33.744436     0.173700
    0.012260    33.775428     0.177650
    0.012680    33.731801     0.171000
    0.012710    33.833163     0.174900
    0.012910    33.617766     0.171600
    0.013180    33.511396     0.172850
    0.013820    33.927390     0.153850
    0.014020    33.949014     0.161950
    0.014470    34.224656     0.165550
    0.014510    34.070998     0.167650
    0.014540    33.990276     0.165600
    0.014720    34.113123     0.149050
    0.015040    34.292745     0.149100
    0.015060    34.492920     0.154450
    0.015200    34.342607     0.163500
    0.015300    34.110677     0.145600
    0.015310    34.078572     0.152600
    0.015310    33.788386     0.161300
    0.015320    34.262243     0.164050
    0.015670    34.241891     0.154050
    0.015680    34.203517     0.152500
    0.015720    34.246928     0.193900
    0.016290    34.008133     0.151150
    0.016350    34.248796     0.151800
    0.016620    34.386395     0.147050
    0.016630    34.313363     0.150250
    0.016780    34.656212     0.159250
    0.016970    34.239509     0.153100
    0.016980    34.054873     0.155800
    0.017050    34.442162     0.183200
    0.017240    34.350754     0.155600
    0.017260    34.693500     0.151100
    0.017320    34.288205     0.158700
    0.017400    34.812266     0.148500
    0.017410    34.655886     0.149800
    0.017520    34.581786     0.146500
    0.017540    34.777049     0.134100
    0.017630    34.506833     0.156200
    0.019080    34.641383     0.141150
    0.019700    34.472348     0.157800
    0.019720    34.835563     0.157850
    0.020200    34.773270     0.151650
    0.020240    34.710630     0.127350
    0.020310    34.681979     0.135300
    0.020380    34.621596     0.141850
    0.020400    34.611008     0.156000
    0.020910    34.753774     0.136800
    0.021200    35.156426     0.143700
    0.021710    35.053616     0.136150
    0.021890    34.836278     0.138100
    0.021970    35.206575     0.143600
    0.022100    35.081323     0.136950
    0.022230    35.099564     0.132050
    0.022490    35.127416     0.139100
    0.022750    35.143022     0.136250
    0.023480    35.075572     0.138950
    0.023490    34.928731     0.133800
    0.023840    35.199400     0.133500
    0.023980    35.089440     0.135250
    0.024010    35.131806     0.126350
    0.024140    34.940874     0.129100
    0.024540    35.313216     0.127800
    0.024770    35.375466     0.171800
    0.024820    35.522477     0.134850
    0.025250    35.346979     0.132950
    0.025290    35.070215     0.140500
    0.025470    35.386540     0.124200
    0.025570    35.120078     0.149600
    0.025590    35.335313     0.125900
    0.025800    35.312661     0.137600
    0.026270    35.332264     0.136200
    0.026390    35.566991     0.139900
    0.026430    35.114714     0.142500
    0.026510    35.373114     0.124800
    0.026730    35.645193     0.161650
    0.026890    35.472082     0.126000
    0.027510    35.437380     0.129100
    0.027520    35.475912     0.134100
    0.027520    35.475534     0.142550
    0.027630    35.455266     0.117900
    0.028110    35.406928     0.124850
    0.028370    35.527513     0.121550
    0.028450    35.536312     0.136400
    0.028460    35.517719     0.134050
    0.028780    35.469291     0.121550
    0.028800    35.356296     0.136050
    0.028940    35.455764     0.131600
    0.029320    35.745331     0.145700
    0.029500    35.487234     0.127350
    0.029900    35.354103     0.123000
    0.030010    35.709058     0.120250
    0.030480    35.764584     0.134200
    0.030490    35.661984     0.141900
    0.030550    35.537658     0.450850
    0.031440    35.730326     0.120750
    0.031550    35.961417     0.141150
    0.031610    35.598955     0.126250
    0.031630    35.808995     0.119450
    0.031840    36.004997     0.121250
    0.031910    35.943789     0.127750
    0.032120    35.588654     0.143100
    0.032200    35.736129     0.128900
    0.032730    35.855734     0.120500
    0.032800    35.617316     0.125250
    0.032920    35.887672     0.118500
    0.033140    35.844339     0.122150
    0.033480    35.811670     0.152350
    0.033590    36.035130     0.106100
    0.033780    35.619677     0.140300
    0.033990    35.819794     0.111050
    0.034080    35.966944     0.124550
    0.034110    36.017725     0.114800
    0.034160    35.803364     0.156300
    0.034260    36.059037     0.120250
    0.034340    35.993125     0.124900
    0.034380    35.838320     0.121050
    0.034890    36.141203     0.166700
    0.035010    36.044949     0.124850
    0.035070    36.155635     0.167850
    0.035180    36.129967     0.152350
    0.035780    36.088485     0.176100
    0.036820    36.303219     0.126550
    0.037000    36.005327     0.127250
    0.037130    35.886966     0.117700
    0.037300    35.996558     0.115050
    0.037430    36.325782     0.116600
    0.037910    36.295838     0.200100
    0.038000    35.983561     0.131850
    0.038270    36.251165     0.120100
    0.038370    36.114369     0.165550
    0.038630    36.146133     0.127500
    0.039840    36.257838     0.114600
    0.040280    36.335133     0.113350
    0.040670    36.460013     0.112700
    0.040930    36.414670     0.129700
    0.040930    36.460444     0.116650
    0.041500    36.283499     0.125900
    0.042690    36.356927     0.117000
    0.043100    36.653497     0.106850
    0.043410    36.360551     0.120900
    0.044370    36.498827     0.119950
    0.044370    36.275209     0.198050
    0.044860    36.899728     0.147950
    0.045820    36.773136     0.124300
    0.045970    36.666552     0.102500
    0.046510    36.633125     0.116250
    0.047100    36.659483     0.144650
    0.047130    36.634283     0.115100
    0.047140    36.696166     0.123150
    0.048190    36.813262     0.121750
    0.049490    36.750373     0.125450
    0.049760    36.880145     0.135250
    0.050350    36.713524     0.163350
    0.050670    36.877643     0.158000
    0.050920    36.989386     0.122400
    0.053220    36.846017     0.128050
    0.053440    36.935316     0.139800
    0.053590    37.099653     0.143900
    0.054180    36.850146     0.113850
    0.054580    36.881645     0.101800
    0.054950    36.971157     0.116500
    0.055730    36.922727     0.109150
    0.055810    37.402671     0.122850
    0.056840    37.181284     0.120300
    0.057150    36.996750     0.107200
    0.057210    37.276195     0.109400
    0.058900    37.332599     0.113950
    0.058950    37.121289     0.100450
    0.059480    37.184393     0.126250
    0.061190    37.400060     0.119050
    0.064410    37.365857     0.108500
    0.064550    37.229255     0.113600
    0.064810    37.357104     0.110900
    0.065590    37.302319     0.126750
    0.066410    37.519711     0.113400
    0.068450    37.588430     0.124800
    0.068770    37.510288     0.110550
    0.068880    37.306029     0.151050
    0.070600    37.777835     0.299750
    0.070630    37.562792     0.122900
    0.071410    37.576518     0.119200
    0.071800    37.647091     0.125400
    0.073690    37.699523     0.156600
    0.075150    37.829245     0.124800
    0.075230    37.892992     0.101850
    0.075500    37.817155     0.119650
    0.078770    37.895699     0.112050
    0.078830    37.786967     0.122050
    0.079760    37.915547     0.103150
    0.081620    37.948857     0.104250
    0.082230    37.673620     0.122300
    0.082860    37.907778     0.105500
    0.083280    38.181121     0.116050
    0.085340    38.118194     0.105700
    0.085750    37.957328     0.100350
    0.087980    38.010348     0.106600
    0.088330    38.206816     0.116150
    0.088590    38.026151     0.106050
    0.089600    38.319997     0.116850
    0.091210    38.267575     0.110300
    0.092010    38.217556     0.113900
    0.092780    38.099869     0.109000
    0.093900    38.165597     0.149450
    0.094000    38.158186     0.102850
    0.096410    38.342877     0.147950
    0.099290    38.414494     0.109650
    0.100360    38.308201     0.111450
    0.100440    38.374207     0.109350
    0.102270    38.510918     0.110600
    0.102420    38.482365     0.107700
    0.102800    38.473318     0.144300
    0.102930    38.229682     0.123250
    0.102980    38.346648     0.103000
    0.103400    38.478369     0.100700
    0.103600    38.297200     0.105550
    0.105880    38.578998     0.100150
    0.106430    38.480848     0.102450
    0.106890    38.535625     0.104550
    0.107200    38.566567     0.111100
    0.107570    38.571271     0.108650
    0.109020    38.613613     0.102850
    0.109890    38.579012     0.120850
    0.112290    38.665717     0.102600
    0.113760    38.672197     0.106750
    0.116390    38.801083     0.101850
    0.116590    38.701592     0.103600
    0.117620    38.852658     0.105950
    0.117820    38.788937     0.099100
    0.117870    38.839646     0.113650
    0.118700    38.671029     0.124400
    0.118700    38.862640     0.133900
    0.119440    38.847668     0.124500
    0.119810    38.988557     0.142000
    0.120050    38.663382     0.102100
    0.120290    38.690633     0.112950
    0.120680    38.837547     0.191600
    0.121750    38.742924     0.098050
    0.121800    38.890124     0.134450
    0.122110    38.679398     0.114950
    0.122900    38.975573     0.116650
    0.122910    38.866676     0.103300
    0.123470    38.993413     0.102850
    0.123650    38.854734     0.108300
    0.123680    38.982887     0.102200
    0.124400    38.952525     0.100600
    0.125310    38.891049     0.103550
    0.126200    38.815296     0.113000
    0.126310    38.992555     0.134850
    0.126720    38.836229     0.109700
    0.126790    39.025950     0.119650
    0.126870    39.103889     0.103650
    0.127830    38.987327     0.132000
    0.128910    39.227373     0.127950
    0.129130    39.025292     0.114300
    0.129240    38.869440     0.108750
    0.129410    39.110192     0.107500
    0.129950    38.958577     0.121650
    0.132260    38.904699     0.133300
    0.132690    38.880594     0.099400
    0.133660    39.107018     0.101000
    0.135230    39.164551     0.121600
    0.135270    39.183808     0.113500
    0.136530    38.940973     0.110500
    0.136590    38.991057     0.123050
    0.136720    39.186361     0.113800
    0.136790    39.032802     0.110750
    0.137120    39.395083     0.114150
    0.137960    39.148398     0.104750
    0.138060    39.124098     0.102450
    0.138160    39.149170     0.116900
    0.138230    39.089867     0.103800
    0.138470    39.141078     0.133350
    0.138550    39.175105     0.130800
    0.138800    39.090571     0.107200
    0.139470    39.074441     0.112900
    0.140550    39.096886     0.116350
    0.141350    38.979353     0.132250
    0.141670    39.218331     0.104700
    0.143430    39.077860     0.108150
    0.143930    39.192179     0.113000
    0.144060    39.103535     0.104850
    0.144620    39.109406     0.139650
    0.145190    39.189889     0.139900
    0.145390    38.950025     0.172400
    0.145660    39.410120     0.127550
    0.146480    39.015587     0.110950
    0.147110    39.407988     0.103350
    0.147230    39.274107     0.121800
    0.147610    39.287952     0.113650
    0.147740    39.359765     0.102300
    0.148640    39.409297     0.106300
    0.149490    39.641096     0.166750
    0.150620    39.306057     0.116050
    0.150690    39.333570     0.110000
    0.151710    39.340918     0.103250
    0.152530    39.473740     0.113550
    0.152690    39.512281     0.115850
    0.152860    39.342404     0.102450
    0.152980    39.176629     0.109600
    0.153330    39.498360     0.104650
    0.153520    39.476049     0.104950
    0.154740    39.254990     0.104500
    0.154900    39.249840     0.106300
    0.154990    39.318716     0.117950
    0.156250    39.605984     0.125950
    0.156700    39.712089     0.154850
    0.156800    39.716494     0.110400
    0.156800    39.513676     0.125450
    0.158190    39.674261     0.123750
    0.158810    39.744996     0.124500
    0.159330    39.544657     0.105400
    0.159480    39.684303     0.177500
    0.160180    39.477988     0.110450
    0.160310    39.333291     0.129000
    0.160400    39.371627     0.109550
    0.160460    39.552526     0.167000
    0.160530    39.414535     0.115600
    0.161390    39.431977     0.120150
    0.161630    39.365174     0.129900
    0.162670    39.550659     0.130300
    0.163820    39.718311     0.119150
    0.164480    39.592349     0.108300
    0.165030    39.692350     0.115850
    0.165140    39.567060     0.106650
    0.165760    39.548133     0.121550
    0.167990    39.713652     0.121900
    0.169400    39.497943     0.114400
    0.169410    39.658194     0.131700
    0.170080    39.670252     0.107000
    0.170430    39.773281     0.142550
    0.171440    39.476640     0.173150
    0.171570    39.693069     0.115850
    0.172810    39.661395     0.130800
    0.173310    39.863292     0.099250
    0.173540    39.489124     0.128300
    0.173590    39.710367     0.108300
    0.173650    39.920042     0.137300
    0.173710    39.633038     0.126650
    0.174200    39.733982     0.111500
    0.174240    39.634909     0.110450
    0.174610    39.601607     0.131700
    0.175370    39.716926     0.124900
    0.176750    39.507456     0.129000
    0.176850    39.701495     0.106000
    0.177080    39.892792     0.127300
    0.177460    39.700068     0.129050
    0.177480    39.708050     0.121150
    0.177700    39.835945     0.110350
    0.177720    39.808666     0.122400
    0.178180    39.921417     0.128600
    0.178310    39.825239     0.113400
    0.178700    39.793572     0.115200
    0.178930    39.875435     0.122500
    0.179200    40.122399     0.149150
    0.179670    39.575557     0.169900
    0.179720    39.846295     0.113250
    0.180040    39.700538     0.143350
    0.180460    39.557721     0.105650
    0.180580    39.841340     0.111700
    0.180600    39.482889     0.114200
    0.180710    39.642661     0.164250
    0.181220    39.894793     0.105350
    0.181410    39.781448     0.159300
    0.181520    39.935566     0.125750
    0.182120    39.613054     0.137650
    0.182230    39.801688     0.126250
    0.182610    39.721454     0.137600
    0.183530    39.750106     0.124700
    0.183560    39.953072     0.128400
    0.183650    39.813735     0.141450
    0.184460    39.661258     0.130650
    0.184600    39.630271     0.108200
    0.184600    39.756457     0.111800
    0.184780    39.889741     0.105600
    0.184840    39.906570     0.123500
    0.185380    39.887576     0.104050
    0.185420    39.895026     0.128300
    0.185420    39.726090     0.116900
    0.185620    39.968161     0.129800
    0.186280    39.821944     0.113850
    0.189050    39.828885     0.118700
    0.189100    39.692609     0.130350
    0.189140    39.783494     0.128850
    0.189590    39.998534     0.160500
    0.189880    39.927270     0.118500
    0.190050    40.131426     0.155200
    0.190240    40.011251     0.118250
    0.190700    40.218070     0.119250
    0.191410    39.823356     0.155150
    0.191900    39.867751     0.140400
    0.193580    40.190934     0.136100
    0.195700    40.202625     0.129250
    0.195820    39.881617     0.115100
    0.195900    39.926157     0.119350
    0.196020    40.125790     0.109000
    0.196300    40.199361     0.136900
    0.196500    40.229887     0.138450
    0.196940    39.975066     0.116700
    0.197310    39.967919     0.112200
    0.197770    40.098973     0.129000
    0.198400    40.139681     0.131700
    0.198450    40.205301     0.138950
    0.198600    39.936339     0.122300
    0.199400    40.056138     0.141450
    0.199580    40.075933     0.152950
    0.199800    39.637242     0.135950
    0.200720    39.848030     0.160700
    0.200730    39.841891     0.211450
    0.201920    39.946480     0.114750
    0.202440    40.206770     0.137650
    0.202840    40.120134     0.116400
    0.202910    40.086009     0.120900
    0.202990    39.867830     0.138200
    0.203110    40.077948     0.125550
    0.203140    39.919729     0.120350
    0.203240    40.024027     0.119550
    0.204310    40.237825     0.124350
    0.204930    39.852147     0.156800
    0.205320    40.208691     0.135100
    0.205620    40.165566     0.120950
    0.205840    40.061257     0.157650
    0.207100    39.776084     0.185750
    0.208240    40.051383     0.120750
    0.208270    40.040017     0.131900
    0.208610    40.244224     0.112750
    0.208800    39.951391     0.161150
    0.209820    40.008431     0.158400
    0.210280    40.028867     0.133500
    0.210370    40.337186     0.120300
    0.210530    40.330844     0.150750
    0.210730    40.057107     0.162300
    0.210750    40.360946     0.126950
    0.210750    40.217552     0.105250
    0.210790    40.229569     0.123100
    0.211390    40.233665     0.127600
    0.211540    39.951149     0.181800
    0.211980    40.088116     0.122950
    0.212310    40.069854     0.130300
    0.213110    40.142164     0.142900
    0.213130    40.083676     0.123250
    0.213270    40.279510     0.136400
    0.214320    39.987684     0.130800
    0.214340    39.945281     0.173450
    0.214900    40.132299     0.148300
    0.216410    40.358566     0.115550
    0.216510    40.533483     0.136250
    0.217310    40.202942     0.139450
    0.217350    39.933333     0.156650
    0.217910    39.925774     0.142250
    0.218400    40.273680     0.141500
    0.218600    40.257902     0.168500
    0.218610    40.122930     0.134350
    0.219110    40.452434     0.126100
    0.219290    40.475957     0.153400
    0.219460    40.431536     0.102300
    0.219500    40.144864     0.134600
    0.219860    40.240596     0.108250
    0.220430    40.473547     0.154450
    0.221460    40.337916     0.149150
    0.221460    40.316246     0.119700
    0.222300    40.127323     0.139200
    0.222590    40.093818     0.154600
    0.223080    40.261511     0.128100
    0.223740    40.230566     0.122250
    0.224250    40.211431     0.153450
    0.224480    40.230958     0.153850
    0.225100    40.347521     0.129550
    0.225560    40.351998     0.122800
    0.225620    40.305869     0.124250
    0.226440    40.408766     0.141000
    0.227960    40.484895     0.150450
    0.228530    40.252971     0.128950
    0.228890    40.379271     0.143550
    0.229390    40.367661     0.127100
    0.229430    40.459243     0.141100
    0.230270    40.267337     0.146450
    0.230710    40.152801     0.152550
    0.230860    40.410651     0.153750
    0.231520    40.390662     0.149900
    0.233530    40.510886     0.152700
    0.233590    40.224049     0.153700
    0.233620    40.218446     0.159900
    0.234660    40.327550     0.195150
    0.235170    40.519302     0.145800
    0.236030    40.539619     0.123150
    0.236430    40.402572     0.143250
    0.236570    40.356333     0.146000
    0.236800    40.535356     0.124100
    0.237530    40.319296     0.131600
    0.238230    40.445089     0.143350
    0.238510    40.820468     0.247100
    0.239430    40.419317     0.147800
    0.240010    40.470589     0.164300
    0.240740    40.429059     0.117950
    0.241110    40.478398     0.111800
    0.241460    40.429691     0.130150
    0.241620    40.424345     0.151750
    0.241770    40.363483     0.156900
    0.242370    40.692613     0.151950
    0.242750    40.580342     0.121300
    0.242880    40.347209     0.117500
    0.243170    40.503924     0.154750
    0.244100    40.563966     0.144900
    0.244880    40.567005     0.129800
    0.244940    40.580094     0.123700
    0.245100    40.607861     0.144100
    0.245260    40.666416     0.188200
    0.245270    40.427939     0.147050
    0.245300    40.633648     0.141050
    0.245750    40.717358     0.122500
    0.245830    40.476644     0.130850
    0.245990    40.470887     0.121900
    0.246150    40.476664     0.146450
    0.246160    40.490823     0.130550
    0.246490    40.643109     0.108050
    0.248050    40.416871     0.134350
    0.248280    40.621539     0.138800
    0.248320    40.631791     0.132600
    0.248490    40.614454     0.147050
    0.248620    40.522013     0.139950
    0.248800    40.728453     0.159600
    0.249000    40.373490     0.115850
    0.249310    40.708447     0.140900
    0.249430    40.750372     0.144450
    0.249540    40.538111     0.124700
    0.249990    40.623132     0.133050
    0.250010    40.652263     0.162500
    0.250100    40.746795     0.132250
    0.250120    40.295786     0.143150
    0.250500    40.618047     0.111400
    0.250510    40.567652     0.131650
    0.250850    40.688398     0.165900
    0.251490    40.736837     0.126600
    0.251630    40.833832     0.146200
    0.252180    40.406261     0.160950
    0.252490    40.549416     0.113250
    0.253400    40.555498     0.112450
    0.255770    40.865927     0.181800
    0.256260    40.629082     0.161450
    0.256410    40.453651     0.174900
    0.256540    40.669894     0.148050
    0.256900    40.876807     0.167150
    0.256930    40.448611     0.144600
    0.257400    40.594358     0.150000
    0.257690    40.456919     0.142850
    0.258480    40.772148     0.140850
    0.260430    40.602316     0.152100
    0.260510    40.958606     0.122650
    0.260880    40.716339     0.142250
    0.261100    40.627882     0.138650
    0.261320    41.015991     0.178850
    0.261360    40.693838     0.158350
    0.261990    41.093301     0.108200
    0.263120    40.878655     0.131300
    0.263180    40.676501     0.142950
    0.263270    40.730552     0.151400
    0.263490    40.728416     0.107900
    0.263770    40.496255     0.156950
    0.263880    40.528623     0.141800
    0.263880    40.616651     0.129550
    0.264190    40.867474     0.166500
    0.264600    40.762415     0.138900
    0.265500    40.628360     0.130100
    0.266580    40.895076     0.147650
    0.268010    40.660375     0.167150
    0.268260    40.518430     0.152750
    0.268280    40.645677     0.162650
    0.268480    40.841646     0.144350
    0.268490    40.722323     0.105100
    0.268620    40.908499     0.099300
    0.269910    40.764200     0.126950
    0.270010    40.774071     0.137250
    0.270470    40.798944     0.124200
    0.270570    40.876237     0.169000
    0.270880    40.665158     0.120000
    0.271310    40.839440     0.107850
    0.273070    40.633565     0.145050
    0.274460    40.704394     0.152500
    0.275090    40.905873     0.116150
    0.275090    40.930841     0.138200
    0.275110    40.779601     0.155050
    0.275400    40.698638     0.153000
    0.276310    40.943459     0.190550
    0.277160    40.615326     0.205500
    0.278050    40.761539     0.139150
    0.279000    40.686145     0.132650
    0.279460    40.638054     0.139800
    0.279890    40.830358     0.113650
    0.280510    40.831618     0.110550
    0.282510    40.915560     0.107300
    0.283130    40.770236     0.135950
    0.283600    40.943162     0.102800
    0.283970    41.024100     0.114600
    0.284000    40.892080     0.151450
    0.284030    40.486707     0.136350
    0.285090    40.938427     0.154350
    0.285400    40.722961     0.123150
    0.285460    41.174203     0.139500
    0.285780    40.827244     0.135800
    0.286220    41.209135     0.155850
    0.286310    40.903512     0.150400
    0.287070    40.867873     0.142950
    0.287120    41.179408     0.149100
    0.288450    41.027450     0.125600
    0.288540    40.938542     0.163900
    0.289600    41.042575     0.164900
    0.290030    40.818438     0.153150
    0.290200    40.866311     0.138350
    0.290800    40.959199     0.146450
    0.290900    41.012122     0.159550
    0.291210    40.934286     0.150100
    0.291720    41.076067     0.125350
    0.292120    40.959608     0.122600
    0.292450    40.941167     0.164900
    0.292820    40.888921     0.135100
    0.292910    41.206385     0.170800
    0.293180    41.196251     0.143700
    0.295320    41.190631     0.192500
    0.295600    40.942727     0.123000
    0.296490    41.067084     0.144600
    0.298430    41.023224     0.160450
    0.298590    41.054338     0.163300
    0.298800    40.736058     0.164250
    0.299110    40.830736     0.130100
    0.299480    40.874915     0.161400
    0.300040    41.060972     0.158850
    0.300060    41.426322     0.165250
    0.300120    40.978384     0.119350
    0.300780    40.835114     0.170400
    0.301430    40.934284     0.144500
    0.301560    41.044515     0.134950
    0.301580    41.012729     0.093900
    0.302490    40.895899     0.158250
    0.303170    41.004487     0.137650
    0.303370    40.937019     0.118650
    0.303690    40.861264     0.135000
    0.305250    41.048556     0.112900
    0.305380    41.120612     0.197650
    0.305490    41.048294     0.133050
    0.305670    40.965377     0.120150
    0.306170    41.048606     0.161350
    0.306420    41.099615     0.149300
    0.306660    41.163115     0.162700
    0.308010    41.314214     0.118200
    0.308800    41.062575     0.155250
    0.308940    41.035453     0.169300
    0.309000    41.019848     0.196850
    0.309200    41.134060     0.146200
    0.310320    41.136875     0.157950
    0.310790    41.379719     0.138450
    0.311560    41.304085     0.108250
    0.312620    41.253097     0.142950
    0.313530    40.989320     0.149450
    0.314370    41.242546     0.137000
    0.314680    41.405059     0.157200
    0.314800    40.944116     0.124850
    0.315550    41.017556     0.153550
    0.315790    41.198160     0.152200
    0.317740    41.321580     0.152100
    0.318110    41.156873     0.124650
    0.318410    40.839444     0.210850
    0.318940    41.039118     0.137000
    0.318940    41.016821     0.156650
    0.320070    41.164546     0.135800
    0.320920    41.053725     0.154950
    0.320950    41.133372     0.124500
    0.322180    41.056267     0.140250
    0.324540    41.182056     0.102250
    0.325290    41.350326     0.180900
    0.325310    41.145548     0.141050
    0.325530    41.123306     0.138400
    0.326010    41.201193     0.146400
    0.327530    41.368160     0.138550
    0.328320    40.985888     0.181550
    0.328400    40.968267     0.165750
    0.328410    40.971280     0.172450
    0.328910    41.691619     0.209550
    0.329440    41.501115     0.142950
    0.329440    41.193703     0.118950
    0.330150    41.400034     0.158900
    0.330590    41.404453     0.115300
    0.330600    41.089289     0.156150
    0.330700    41.127742     0.148100
    0.330810    41.167180     0.155950
    0.330940    41.385421     0.106850
    0.330960    41.201547     0.190550
    0.331590    41.276735     0.140100
    0.331590    41.367786     0.116750
    0.331800    41.424464     0.120050
    0.332930    41.174011     0.143750
    0.333980    41.780411     0.159200
    0.334930    41.200684     0.112900
    0.337420    41.305569     0.146050
    0.337480    41.502109     0.166250
    0.337530    41.293121     0.106550
    0.338290    41.272145     0.151000
    0.338480    41.423344     0.139050
    0.338500    41.375724     0.161800
    0.340520    41.409944     0.105550
    0.340920    41.357601     0.148500
    0.341600    41.407227     0.169250
    0.345460    41.279665     0.162600
    0.345930    41.342988     0.111000
    0.346880    41.338007     0.253300
    0.347010    41.244215     0.140450
    0.348720    41.466440     0.133150
    0.349020    41.305382     0.122300
    0.349230    41.321921     0.115750
    0.349310    41.326866     0.138050
    0.349570    41.399175     0.120000
    0.349570    41.597964     0.110650
    0.350700    41.503961     0.107250
    0.350920    41.423535     0.128300
    0.351570    41.379995     0.113600
    0.351610    41.413754     0.115800
    0.353060    41.473324     0.151500
    0.353630    41.606071     0.145550
    0.355270    41.347088     0.113000
    0.355820    41.634101     0.126450
    0.358330    41.519663     0.114250
    0.358580    41.572246     0.118600
    0.359020    41.475447     0.134200
    0.360010    41.332289     0.133500
    0.360200    41.416294     0.160400
    0.360820    41.539404     0.142150
    0.361350    41.498794     0.203600
    0.361650    41.483726     0.164500
    0.364910    41.615947     0.142300
    0.366160    41.934330     0.184100
    0.366460    41.605166     0.124300
    0.367830    41.353492     0.123450
    0.367910    41.648443     0.101900
    0.369240    41.473073     0.143250
    0.369390    41.486764     0.155800
    0.370030    41.589530     0.163600
    0.370130    41.483748     0.135800
    0.370500    41.462743     0.104300
    0.370510    41.430958     0.113750
    0.370530    41.579057     0.112950
    0.370600    41.473484     0.121100
    0.370890    41.578327     0.263750
    0.371440    41.423220     0.124500
    0.371500    41.581705     0.107450
    0.371640    41.616705     0.106450
    0.373500    41.756987     0.103900
    0.373860    41.499714     0.085400
    0.378600    41.844580     0.146300
    0.379490    41.589634     0.139500
    0.379900    41.598577     0.130600
    0.380030    41.828077     0.150600
    0.380540    41.653354     0.130700
    0.380830    41.478020     0.138200
    0.381640    41.576859     0.140850
    0.381710    41.640308     0.143000
    0.382460    41.703822     0.182400
    0.384470    41.882334     0.149450
    0.385980    41.530900     0.126000
    0.387340    41.801801     0.185250
    0.387750    41.410933     0.158850
    0.388870    41.617083     0.140950
    0.392670    41.600272     0.158800
    0.400480    41.754847     0.115100
    0.400780    41.737822     0.134800
    0.400800    41.776365     0.160200
    0.402140    41.866115     0.149000
    0.404550    41.681544     0.107500
    0.404710    41.945790     0.153650
    0.405470    41.835136     0.110450
    0.409270    41.765049     0.190450
    0.409460    41.913167     0.108950
    0.409960    41.852071     0.205450
    0.411310    42.097569     0.153850
    0.411550    41.673162     0.128900
    0.416640    41.848360     0.117550
    0.418650    41.779300     0.115200
    0.419290    42.131264     0.149050
    0.419300    41.993021     0.152000
    0.419570    41.792571     0.120950
    0.420280    42.083733     0.233100
    0.420860    41.787393     0.162450
    0.422440    41.901804     0.119200
    0.423530    41.691857     0.265500
    0.423590    42.047122     0.142500
    0.426930    41.762981     0.162700
    0.426960    41.990603     0.152950
    0.427840    42.234754     0.170650
    0.428660    42.009662     0.129400
    0.428860    41.754253     0.147100
    0.429670    41.816469     0.152700
    0.430150    41.855395     0.125450
    0.434870    41.967500     0.114500
    0.435440    41.949118     0.109000
    0.436730    42.054570     0.141850
    0.438850    41.869164     0.191850
    0.439270    42.139249     0.132000
    0.440070    42.099338     0.169250
    0.440580    42.070376     0.136950
    0.442550    41.825633     0.113700
    0.443680    42.070390     0.134900
    0.447580    42.029329     0.152400
    0.449560    42.118903     0.141350
    0.450590    41.970071     0.131600
    0.450700    41.878663     0.154750
    0.451550    42.214792     0.125150
    0.451690    42.030006     0.137700
    0.451730    41.902467     0.124650
    0.460400    42.309739     0.147250
    0.461010    42.066781     0.164350
    0.461270    42.199378     0.137750
    0.461560    42.041098     0.111150
    0.466400    42.386913     0.158700
    0.466640    42.035056     0.116450
    0.468400    42.239482     0.117850
    0.470390    42.005608     0.141000
    0.470570    42.200473     0.122100
    0.470580    41.951022     0.129250
    0.471750    41.866827     0.150000
    0.475720    42.175827     0.109000
    0.477960    42.363876     0.164900
    0.479420    42.168303     0.146300
    0.480400    42.154346     0.172250
    0.480570    42.174043     0.115100
    0.480720    42.414866     0.113800
    0.481760    42.476137     0.154150
    0.488810    42.432071     0.113600
    0.494800    42.138851     0.117650
    0.497370    42.330196     0.132250
    0.500740    42.352175     0.135950
    0.500910    41.997376     0.196300
    0.502750    42.615135     0.208550
    0.502760    42.260033     0.208200
    0.503090    42.326819     0.126050
    0.507180    42.293485     0.140400
    0.507360    42.234066     0.125300
    0.508180    42.627455     0.141350
    0.510020    42.350467     0.118200
    0.510900    42.339167     0.173050
    0.511760    42.295152     0.116500
    0.513800    42.368450     0.132900
    0.514340    42.463122     0.117250
    0.514760    42.695328     0.135500
    0.515590    42.630020     0.176200
    0.518790    42.371516     0.151800
    0.519410    42.551596     0.196050
    0.519610    42.360615     0.109000
    0.522780    42.418929     0.141650
    0.528510    42.341137     0.143150
    0.532780    42.510795     0.113850
    0.533780    42.340748     0.166500
    0.534330    42.400142     0.128900
    0.535320    42.465998     0.110850
    0.535780    42.416494     0.126600
    0.545390    42.563622     0.146200
    0.548310    42.291259     0.143800
    0.550140    42.741858     0.143550
    0.550310    42.445275     0.124900
    0.552600    42.795792     0.134250
    0.553810    42.901822     0.124200
    0.557750    42.503770     0.134900
    0.558750    42.724843     0.151650
    0.558750    42.897875     0.133500
    0.562760    42.773638     0.117550
    0.564750    42.618299     0.135950
    0.575840    42.560372     0.138450
    0.576130    42.906480     0.145150
    0.576610    42.731273     0.122900
    0.578240    43.071565     0.162400
    0.578280    42.670328     0.138950
    0.578750    42.536902     0.120650
    0.579600    42.808938     0.119700
    0.580600    42.651753     0.160800
    0.580730    42.706398     0.137200
    0.582940    42.733921     0.125800
    0.583280    42.828423     0.129550
    0.583750    42.688683     0.099150
    0.583750    42.824089     0.140250
    0.585750    42.715185     0.141700
    0.587280    42.719096     0.140550
    0.588730    42.644548     0.130050
    0.590270    42.667074     0.166600
    0.591850    42.664056     0.126250
    0.600600    42.633033     0.154550
    0.603260    42.949249     0.142900
    0.608250    42.667359     0.126600
    0.609870    42.741041     0.148650
    0.610640    42.941018     0.132900
    0.611240    42.851345     0.159300
    0.615700    42.730101     0.143300
    0.619920    42.918742     0.115600
    0.620630    42.661576     0.113100
    0.621890    42.932438     0.162800
    0.625220    43.057727     0.130300
    0.627230    43.063345     0.138000
    0.630560    43.016358     0.117950
    0.630710    43.012143     0.143200
    0.631900    42.730643     0.177050
    0.632220    42.802103     0.204450
    0.637710    42.852342     0.232900
    0.638220    42.963065     0.184000
    0.641910    42.901459     0.165900
    0.643640    43.252110     0.194300
    0.643640    43.060461     0.201300
    0.647640    43.250289     0.161300
    0.648640    43.074110     0.159000
    0.662060    43.367087     0.179550
    0.664640    43.347454     0.161100
    0.670650    43.205009     0.177500
    0.677670    43.498112     0.205600
    0.681960    42.808620     0.148400
    0.683660    42.607788     0.290500
    0.685170    43.315775     0.232600
    0.688660    43.335521     0.151800
    0.690650    43.176432     0.183750
    0.693150    43.166767     0.244450
    0.697150    43.407564     0.161950
    0.698160    43.009345     0.217100
    0.699150    43.215805     0.156350
    0.699160    43.178257     0.172800
    0.699980    43.236136     0.215300
    0.700640    43.302903     0.173800
    0.701150    43.010467     0.180500
    0.701980    43.217222     0.262550
    0.701980    43.037709     0.164750
    0.715650    42.978241     0.194250
    0.718680    43.180037     0.150950
    0.719630    43.772183     0.205700
    0.720130    43.052550     0.193350
    0.720680    43.226245     0.202900
    0.726680    43.401356     0.162800
    0.727670    43.286929     0.197850
    0.730120    43.255429     0.191150
    0.733620    43.297424     0.155750
    0.734010    42.993402     0.240550
    0.735000    43.377075     0.134000
    0.735010    43.227069     0.178250
    0.735610    43.453820     0.192050
    0.736020    43.403853     0.210800
    0.736690    43.280647     0.139900
    0.740000    43.389198     0.126050
    0.742020    43.710861     0.215150
    0.742700    43.600193     0.198850
    0.745660    43.155038     0.152700
    0.746130    43.542972     0.164650
    0.749090    43.692272     0.182750
    0.750680    43.130441     0.191550
    0.756690    43.417147     0.158300
    0.759050    43.390050     0.151650
    0.760700    43.302099     0.149950
    0.761080    43.354428     0.160350
    0.761590    43.170865     0.154450
    0.765600    43.502307     0.154900
    0.766600    43.410966     0.159300
    0.766680    43.341311     0.180600
    0.767060    43.699898     0.178550
    0.768590    43.474099     0.168850
    0.773070    43.598302     0.176250
    0.776600    43.557014     0.178350
    0.788050    43.631895     0.138150
    0.789040    43.424498     0.115850
    0.796560    43.526448     0.158800
    0.798570    43.876584     0.174350
    0.800700    43.750592     0.160600
    0.805690    43.429324     0.155500
    0.805690    43.692593     0.130100
    0.806030    43.265295     0.183700
    0.808040    43.485277     0.163450
    0.809020    43.782339     0.166800
    0.810720    43.680773     0.170550
    0.813690    43.758262     0.141050
    0.817730    44.006855     0.120850
    0.822120    43.989976     0.185250
    0.822690    43.848892     0.146250
    0.828540    43.734971     0.152600
    0.836990    43.869147     0.142700
    0.838140    43.584041     0.180700
    0.839990    43.672576     0.151750
    0.840530    43.964310     0.145600
    0.842140    43.745299     0.185800
    0.847970    43.574679     0.169750
    0.848520    43.759964     0.148550
    0.850730    43.851288     0.130400
    0.852980    43.738183     0.150800
    0.854000    43.411600     0.214550
    0.858510    43.676479     0.165350
    0.858520    43.789263     0.147800
    0.858520    43.920387     0.178450
    0.863970    43.670201     0.152850
    0.864500    43.682464     0.146250
    0.866500    43.916126     0.173850
    0.872170    43.822905     0.133200
    0.877960    43.836819     0.143250
    0.890730    43.805282     0.140850
    0.893200    43.902041     0.157700
    0.896930    44.041705     0.166450
    0.901730    43.838657     0.151100
    0.910750    43.817050     0.163650
    0.913480    43.924627     0.137350
    0.922230    44.006724     0.170800
    0.922240    43.768406     0.187250
    0.924910    43.936016     0.192300
    0.926240    44.047839     0.109350
    0.927900    44.111945     0.182900
    0.931890    43.924836     0.152350
    0.932250    44.162292     0.210150
    0.933890    44.123895     0.200900
    0.935000    43.561301     0.165800
    0.936750    44.099596     0.140500
    0.946880    43.845370     0.164200
    0.948460    43.945463     0.151050
    0.950760    43.959498     0.144850
    0.958860    44.271469     0.172450
    0.960740    44.136479     0.142550
    0.960750    44.015339     0.157700
    0.970000    44.037541     0.261750
    0.975200    44.214435     0.139850
    0.983300    44.234100     0.143000
    0.983410    43.836843     0.153000
    0.983770    44.106867     0.143900
    0.996400    44.004490     0.140800
    0.997810    44.219643     0.095300
    1.002790    44.364717     0.191350
    1.014000    44.585723     0.229100
    1.020000    44.374531     0.165700
    1.028790    44.221349     0.160150
    1.060800    44.053665     0.164150
    1.092000    44.770784     0.264050
    1.120000    44.178013     0.164900
    1.206000    44.899085     0.335200
    1.230000    44.963130     0.170850
    1.230000    44.489604     0.191550
    1.300000    44.858377     0.178750
    1.305000    45.106709     0.235000
    1.315000    44.901184     0.198700
    1.330000    44.805737     0.148400
    1.340000    45.207488     0.163200
    1.370000    45.095875     0.162200
    1.390000    45.016477     0.201250
    1.540000    45.218422     0.210650
    1.550000    45.614959     0.185650
    1.700000    45.911527     0.283200
    1.800000    45.791545     0.187950
    1.914000    45.909352     0.255900
    2.260000    46.267931     0.254800
