# Ell      ell*(ell+1)C_l/(2\pi)     err
    30    -0.212674     0.083000
    31     0.091087     0.082000
    32     0.023267     0.082000
    33     0.006807     0.082000
    34    -0.050823     0.082000
    35     0.083688     0.083000
    36    -0.022657     0.083000
    37     0.235243     0.084000
    38     0.116780     0.084000
    39     0.019119     0.085000
    40     0.015730     0.086000
    41     0.123716     0.087000
    42     0.038539     0.088000
    43    -0.006286     0.089000
    44    -0.200280     0.090000
    45     0.160247     0.091000
    46    -0.067286     0.093000
    47     0.133492     0.094000
    48     0.096149     0.096000
    49     0.107179     0.097000
    50     0.028228     0.099000
    51     0.120462     0.101000
    52     0.304301     0.102000
    53     0.145204     0.104000
    54     0.180861     0.106000
    55     0.293537     0.108000
    56     0.049359     0.110000
    57     0.207975     0.112000
    58     0.112567     0.114000
    59     0.265599     0.116000
    60     0.133659     0.118000
    61     0.131830     0.121000
    62     0.069915     0.123000
    63     0.300733     0.125000
    64     0.225752     0.128000
    65     0.329103     0.130000
    66     0.019858     0.132000
    67     0.435956     0.135000
    68     0.122002     0.137000
    69     0.636946     0.140000
    70     0.450774     0.142000
    71     0.540291     0.145000
    72     0.265070     0.148000
    73     0.403380     0.150000
    74     0.694108     0.153000
    75     0.436955     0.156000
    76     0.414483     0.158000
    77     0.636484     0.161000
    78     0.183186     0.164000
    79     0.493216     0.167000
    80     0.441058     0.169000
    81     0.458583     0.172000
    82     0.552816     0.175000
    83     0.610162     0.178000
    84     0.424215     0.181000
    85     0.330924     0.183000
    86     0.580516     0.186000
    87     0.445275     0.189000
    88     0.302466     0.192000
    89     0.315647     0.195000
    90     0.753890     0.197000
    91     0.240812     0.200000
    92     0.823628     0.203000
    93     0.794714     0.206000
    94     0.883727     0.209000
    95     0.818001     0.211000
    96     0.413401     0.214000
    97     1.007890     0.217000
    98     0.795308     0.220000
    99     0.037076     0.222000
   100     0.282262     0.225000
   101     0.720733     0.228000
   102     0.663498     0.230000
   103     1.087873     0.233000
   104     0.978956     0.235000
   105     0.717165     0.238000
   106     1.016595     0.240000
   107     0.604852     0.243000
   108     0.315494     0.245000
   109     0.713604     0.248000
   110     0.716167     0.250000
   111     1.153533     0.252000
   112     0.857964     0.255000
   113     0.818206     0.257000
   114     0.605486     0.259000
   115     0.949697     0.261000
   116     1.090729     0.263000
   117     1.097556     0.266000
   118     1.189417     0.268000
   119     1.023046     0.270000
   120     1.005806     0.272000
   121     0.657668     0.274000
   122     1.655456     0.275000
   123     1.003187     0.277000
   124     1.136961     0.279000
   125     0.775753     0.281000
   126     1.146543     0.283000
   127     0.807794     0.284000
   128     1.896140     0.286000
   129     1.207114     0.288000
   130     1.704478     0.289000
   131     0.983076     0.291000
   132     1.283358     0.292000
   133     1.112346     0.293000
   134     1.151694     0.295000
   135     1.219237     0.296000
   136     0.660738     0.297000
   137     0.895412     0.299000
   138     1.179682     0.300000
   139     1.313834     0.301000
   140     1.022708     0.302000
   141     0.835426     0.303000
   142     1.150748     0.304000
   143     1.298504     0.305000
   144     1.815918     0.306000
   145     1.118569     0.307000
   146     0.515763     0.308000
   147     1.670388     0.309000
   148     1.176860     0.310000
   149     1.164172     0.311000
   150     0.784907     0.311000
   151     1.087683     0.312000
   152     0.768662     0.313000
   153     0.880113     0.314000
   154     1.358738     0.314000
   155     1.110130     0.315000
   156     0.826056     0.315000
   157     0.419940     0.316000
   158     1.065224     0.317000
   159     1.096639     0.317000
   160     1.197455     0.318000
   161     0.988316     0.318000
   162     0.524875     0.319000
   163     1.629537     0.320000
   164     0.878752     0.320000
   165     0.548499     0.321000
   166     0.664028     0.321000
   167     0.719876     0.322000
   168     0.984273     0.322000
   169     1.660165     0.323000
   170     1.048528     0.323000
   171     0.504810     0.324000
   172     0.987812     0.324000
   173     1.430421     0.325000
   174     1.276158     0.326000
   175     1.061176     0.326000
   176     0.524290     0.327000
   177     0.704684     0.328000
   178     1.040976     0.328000
   179     0.886499     0.329000
   180     1.564264     0.330000
   181     0.753410     0.330000
   182     1.167164     0.331000
   183     0.655545     0.332000
   184     0.857313     0.333000
   185     0.862555     0.334000
   186     1.283795     0.335000
   187     0.418252     0.336000
   188     0.391219     0.337000
   189     0.580484     0.338000
   190     0.666145     0.339000
   191     0.166879     0.340000
   192     0.100467     0.342000
   193     0.511126     0.343000
   194    -0.006864     0.344000
   195     0.452966     0.346000
   196     1.451316     0.347000
   197     0.609769     0.349000
   198     0.761956     0.351000
   199     0.402770     0.353000
   200     0.785648     0.354000
   201     0.270841     0.356000
   202     1.232463     0.358000
   203    -0.025780     0.360000
   204     1.580602     0.362000
   205     0.079672     0.365000
   206     0.772470     0.367000
   207     0.924734     0.369000
   208     0.847063     0.372000
   209     0.455983     0.375000
   210     0.222870     0.377000
   211     0.672345     0.380000
   212     1.065786     0.383000
   213     0.331030     0.386000
   214     1.260800     0.389000
   215     1.338805     0.392000
   216     1.138645     0.396000
   217     0.767889     0.399000
   218     0.382326     0.403000
   219     1.111775     0.407000
   220     1.158380     0.410000
   221     0.455823     0.414000
   222     0.515757     0.418000
   223    -0.315921     0.423000
   224     0.914456     0.427000
   225     0.794438     0.431000
   226     0.875215     0.436000
   227     0.840080     0.441000
   228     1.110704     0.446000
   229     0.513553     0.451000
   230     0.139773     0.456000
   231     1.176568     0.461000
   232     1.018027     0.467000
   233     1.030480     0.472000
   234     1.339245     0.478000
   235     1.304882     0.484000
   236     1.682893     0.490000
   237     1.183713     0.496000
   238     1.004534     0.503000
   239     1.678388     0.509000
   240     1.943778     0.516000
   241     3.017145     0.523000
   242     0.976573     0.530000
   243     2.901423     0.537000
   244     3.130199     0.544000
   245     2.450316     0.552000
   246     1.222727     0.560000
   247     2.498432     0.567000
   248     1.427731     0.575000
   249     1.583899     0.584000
   250     2.093081     0.592000
   251     3.015231     0.601000
   252     3.022323     0.609000
   253     3.248567     0.618000
   254     2.860576     0.627000
   255     2.993726     0.637000
   256     3.451759     0.646000
   257     2.929037     0.656000
   258     2.468385     0.665000
   259     2.632125     0.675000
   260     4.162068     0.685000
   261     2.569012     0.696000
   262     5.082008     0.706000
   263     2.934360     0.717000
   264     3.286404     0.727000
   265     1.240891     0.738000
   266     4.336588     0.750000
   267     2.942692     0.761000
   268     4.356747     0.772000
   269     3.370078     0.784000
   270     4.563134     0.796000
   271     4.511338     0.808000
   272     4.450345     0.820000
   273     3.590722     0.832000
   274     4.517683     0.844000
   275     3.729034     0.857000
   276     5.799793     0.870000
   277     5.131149     0.882000
   278     5.901888     0.895000
   279     4.685125     0.908000
   280     7.883955     0.922000
   281     4.973599     0.935000
   282     4.108420     0.949000
   283     7.438723     0.962000
   284     8.239383     0.976000
   285     4.998203     0.990000
   286     6.494896     1.004000
   287     6.868344     1.018000
   288     6.484648     1.032000
   289     5.780819     1.047000
   290     5.924564     1.061000
   291     7.629162     1.076000
   292     7.553293     1.091000
   293     6.318976     1.105000
   294     8.543969     1.120000
   295     6.926374     1.135000
   296     9.138129     1.150000
   297     8.452348     1.165000
   298     8.435394     1.180000
   299     7.167199     1.196000
   300    10.517383     1.211000
   301     9.087439     1.226000
   302    10.494588     1.242000
   303     8.726830     1.257000
   304     9.680463     1.273000
   305     9.733216     1.289000
   306     8.584774     1.304000
   307     9.435925     1.320000
   308     9.752172     1.336000
   309     8.977700     1.351000
   310    11.823643     1.367000
   311    11.907791     1.383000
   312    10.293023     1.399000
   313    11.418829     1.414000
   314    10.565679     1.430000
   315    10.180476     1.446000
   316    11.475551     1.462000
   317    12.272958     1.477000
   318    12.453585     1.493000
   319    11.537448     1.509000
   320    10.674669     1.525000
   321    13.433997     1.540000
   322    13.202427     1.556000
   323    11.165891     1.571000
   324    11.737582     1.587000
   325    13.729072     1.602000
   326    13.979416     1.618000
   327    13.973345     1.633000
   328    13.738772     1.648000
   329    14.116950     1.664000
   330    10.816807     1.679000
   331    12.960978     1.694000
   332    13.751597     1.709000
   333    17.698763     1.724000
   334    15.222030     1.738000
   335    13.899668     1.753000
   336    15.315065     1.767000
   337    18.416064     1.782000
   338    17.107621     1.796000
   339    12.158511     1.810000
   340    16.188921     1.824000
   341    18.293760     1.838000
   342    13.427574     1.852000
   343    16.269329     1.866000
   344    20.428706     1.879000
   345    15.287689     1.893000
   346    16.448387     1.906000
   347    18.395020     1.919000
   348    18.823136     1.932000
   349    17.752831     1.944000
   350    15.179099     1.957000
   351    18.272773     1.969000
   352    18.390447     1.981000
   353    17.112898     1.993000
   354    18.581576     2.005000
   355    21.028522     2.017000
   356    18.338787     2.028000
   357    20.654056     2.039000
   358    19.505969     2.050000
   359    18.763645     2.061000
   360    20.803513     2.071000
   361    18.542209     2.082000
   362    18.202345     2.092000
   363    20.141762     2.102000
   364    16.577721     2.111000
   365    20.262074     2.121000
   366    22.567949     2.130000
   367    21.754031     2.139000
   368    20.877232     2.148000
   369    22.929385     2.156000
   370    20.429126     2.165000
   371    19.063393     2.173000
   372    18.550357     2.180000
   373    19.012740     2.188000
   374    19.074216     2.195000
   375    19.440825     2.202000
   376    22.669366     2.209000
   377    20.738594     2.216000
   378    19.600764     2.222000
   379    20.138772     2.228000
   380    18.514047     2.234000
   381    23.925085     2.239000
   382    20.601111     2.244000
   383    16.960300     2.249000
   384    23.700349     2.254000
   385    20.058173     2.259000
   386    19.802371     2.263000
   387    20.906827     2.267000
   388    19.145295     2.270000
   389    22.466903     2.274000
   390    20.134525     2.277000
   391    21.423972     2.280000
   392    18.304568     2.283000
   393    20.399221     2.285000
   394    21.306604     2.287000
   395    20.226845     2.289000
   396    22.356296     2.291000
   397    21.949378     2.292000
   398    24.103780     2.293000
   399    22.152518     2.294000
   400    19.384029     2.295000
   401    23.011408     2.295000
   402    16.897066     2.295000
   403    18.505572     2.295000
   404    20.289839     2.295000
   405    15.716074     2.294000
   406    22.095084     2.293000
   407    18.445222     2.292000
   408    17.762291     2.291000
   409    18.301006     2.289000
   410    21.072094     2.288000
   411    17.726197     2.286000
   412    22.134154     2.283000
   413    18.916940     2.281000
   414    20.192575     2.278000
   415    18.267464     2.275000
   416    18.098903     2.272000
   417    21.828357     2.269000
   418    17.736187     2.266000
   419    16.454430     2.262000
   420    14.903675     2.258000
   421    19.999081     2.254000
   422    20.179427     2.250000
   423    18.458317     2.246000
   424    21.249572     2.241000
   425    17.654511     2.236000
   426    22.181741     2.231000
   427    19.185037     2.226000
   428    21.936735     2.221000
   429    18.310870     2.216000
   430    15.106275     2.210000
   431    18.704875     2.205000
   432    20.156152     2.199000
   433    20.368040     2.193000
   434    14.279466     2.187000
   435    18.662031     2.181000
   436    18.113390     2.175000
   437    16.731156     2.168000
   438    18.083747     2.162000
   439    15.593127     2.155000
   440    19.304804     2.149000
   441    17.591155     2.142000
   442    16.834658     2.135000
   443    18.165749     2.129000
   444    15.052021     2.122000
   445    15.167830     2.115000
   446    18.302579     2.108000
   447    17.079974     2.101000
   448    17.486234     2.094000
   449    16.813300     2.086000
   450    15.460939     2.079000
   451    17.409221     2.072000
   452    18.044312     2.065000
   453    12.628916     2.058000
   454    12.484394     2.051000
   455    13.485662     2.044000
   456    15.578151     2.036000
   457    17.858753     2.029000
   458    13.495857     2.022000
   459    12.085107     2.015000
   460    12.239480     2.008000
   461    14.997010     2.001000
   462    13.289309     1.994000
   463    13.947258     1.987000
   464    17.369562     1.981000
   465    12.536526     1.974000
   466    15.940992     1.967000
   467    13.429459     1.961000
   468    13.554830     1.954000
   469    10.136998     1.948000
   470     9.722836     1.942000
   471    10.739449     1.936000
   472    10.528552     1.930000
   473    13.342429     1.924000
   474    11.068814     1.918000
   475    14.579038     1.912000
   476    13.144638     1.907000
   477    13.341325     1.901000
   478     6.933303     1.896000
   479    14.297363     1.891000
   480    11.053645     1.886000
   481    11.777481     1.881000
   482     8.294195     1.877000
   483     7.112331     1.872000
   484     6.346634     1.868000
   485    12.677938     1.864000
   486    10.461018     1.860000
   487    10.295905     1.856000
   488     8.758378     1.853000
   489     9.556707     1.850000
   490    11.530625     1.847000
   491     8.256588     1.844000
   492     7.799675     1.841000
   493     9.097263     1.838000
   494     6.625655     1.836000
   495     7.036579     1.834000
   496     6.156833     1.832000
   497     8.413453     1.831000
   498    10.498387     1.829000
   499     8.301316     1.828000
   500     6.440472     1.827000
   501     8.299506     1.827000
   502     7.283421     1.826000
   503     7.939208     1.824000
   504     5.820236     1.824000
   505     7.388799     1.550000
   506     6.421024     1.548000
   507     7.423902     1.545000
   508     7.603386     1.544000
   509     7.502484     1.543000
   510     7.928558     1.543000
   511     7.938206     1.543000
   512     7.490128     1.544000
   513     6.528506     1.544000
   514     8.555742     1.545000
   515     6.454751     1.546000
   516     5.419895     1.548000
   517     5.359828     1.549000
   518     3.384515     1.551000
   519     6.826178     1.554000
   520    10.367803     1.556000
   521     4.578882     1.559000
   522     4.421199     1.562000
   523     9.303345     1.566000
   524     6.701095     1.569000
   525     4.438645     1.573000
   526     6.274948     1.578000
   527     7.519637     1.582000
   528     5.636747     1.587000
   529     7.148703     1.592000
   530     3.606604     1.598000
   531     7.606068     1.604000
   532     8.058519     1.610000
   533     8.468123     1.616000
   534     7.778907     1.623000
   535     7.094307     1.630000
   536     5.702349     1.637000
   537     6.987980     1.645000
   538     5.055178     1.652000
   539     5.830281     1.661000
   540     5.461596     1.669000
   541     9.471789     1.678000
   542     8.786013     1.687000
   543     6.266941     1.696000
   544     5.366255     1.706000
   545     7.422717     1.716000
   546     9.421068     1.726000
   547     7.625837     1.737000
   548     5.482027     1.747000
   549     5.202207     1.758000
   550     7.859224     1.770000
   551     9.285577     1.782000
   552     9.412012     1.794000
   553    11.853330     1.806000
   554     8.915039     1.818000
   555     9.756992     1.831000
   556     6.563597     1.844000
   557    11.020126     1.858000
   558     7.821423     1.871000
   559     8.127444     1.885000
   560     7.795348     1.899000
   561    11.365899     1.914000
   562    10.428757     1.928000
   563     9.599765     1.943000
   564     9.776473     1.959000
   565    13.487192     1.974000
   566    13.926646     1.990000
   567    11.018491     2.006000
   568     8.500440     2.022000
   569    11.472609     2.039000
   570    10.605464     2.055000
   571    13.515463     2.072000
   572    15.435238     2.089000
   573    14.773775     2.107000
   574     7.682244     2.124000
   575     8.979360     2.142000
   576    10.050903     2.160000
   577    15.031851     2.179000
   578    12.582416     2.197000
   579    10.850324     2.216000
   580    14.815193     2.235000
   581    13.972067     2.254000
   582    16.133109     2.273000
   583    17.083819     2.292000
   584    14.698945     2.312000
   585    15.615174     2.332000
   586    14.384826     2.352000
   587    15.857881     2.372000
   588    14.756413     2.392000
   589    16.697845     2.412000
   590    18.317976     2.433000
   591    19.705238     2.454000
   592    16.662519     2.474000
   593    16.736013     2.495000
   594    15.535375     2.516000
   595    12.920920     2.537000
   596    19.472211     2.559000
   597    18.008320     2.580000
   598    23.218235     2.601000
   599    18.918654     2.623000
   600    15.663287     2.644000
   601    22.262159     2.666000
   602    23.342376     2.688000
   603    25.000849     2.709000
   604    16.704920     2.731000
   605    19.334807     2.753000
   606    14.678291     2.775000
   607    19.314759     2.797000
   608    23.562868     2.819000
   609    17.702449     2.841000
   610    19.727949     2.863000
   611    18.992100     2.885000
   612    20.227422     2.906000
   613    20.361763     2.928000
   614    26.682264     2.950000
   615    21.285044     2.972000
   616    26.409735     2.994000
   617    23.904497     3.016000
   618    28.562850     3.038000
   619    24.022853     3.059000
   620    23.839775     3.081000
   621    30.945961     3.102000
   622    20.950531     3.124000
   623    26.078666     3.145000
   624    24.993251     3.167000
   625    25.341937     3.188000
   626    25.440511     3.209000
   627    25.110145     3.230000
   628    30.851042     3.251000
   629    25.177091     3.272000
   630    23.907433     3.292000
   631    27.601091     3.313000
   632    27.916645     3.333000
   633    34.026453     3.353000
   634    25.143873     3.374000
   635    27.456972     3.393000
   636    29.307707     3.413000
   637    29.587921     3.433000
   638    24.851627     3.452000
   639    35.557844     3.471000
   640    28.777908     3.490000
   641    34.374257     3.509000
   642    31.426884     3.528000
   643    36.564662     3.546000
   644    32.657929     3.565000
   645    33.862015     3.583000
   646    27.809127     3.600000
   647    29.460953     3.618000
   648    21.813345     3.635000
   649    27.285219     3.652000
   650    27.509642     3.669000
   651    33.892289     3.686000
   652    29.094978     3.702000
   653    32.679135     3.719000
   654    27.946802     3.734000
   655    35.698519     3.750000
   656    30.751729     3.765000
   657    27.408894     3.781000
   658    30.994434     3.795000
   659    37.048074     3.810000
   660    33.177062     3.824000
   661    37.952420     3.838000
   662    36.472349     3.852000
   663    32.742302     3.865000
   664    26.933923     3.878000
   665    32.468023     3.891000
   666    37.618523     3.904000
   667    36.936380     3.916000
   668    34.102725     3.928000
   669    32.809111     3.940000
   670    30.532447     3.951000
   671    34.776971     3.962000
   672    40.083076     3.973000
   673    40.940192     3.984000
   674    27.838888     3.994000
   675    30.583653     4.004000
   676    35.138014     4.013000
   677    36.004072     4.022000
   678    43.563622     4.031000
   679    31.814785     4.040000
   680    38.407628     4.048000
   681    35.149462     4.056000
   682    32.236068     4.064000
   683    43.745934     4.071000
   684    37.209041     4.079000
   685    34.849448     4.085000
   686    29.201661     4.092000
   687    32.647794     4.098000
   688    37.742824     4.104000
   689    31.910053     4.109000
   690    35.366111     4.115000
   691    37.711570     4.120000
   692    34.929038     4.124000
   693    37.602351     4.129000
   694    33.049612     4.133000
   695    38.556962     4.137000
   696    38.003649     4.140000
   697    30.893506     4.143000
   698    36.099449     4.146000
   699    34.996411     4.149000
   700    31.796794     4.151000
   701    32.568820     4.153000
   702    29.272739     4.155000
   703    43.549635     4.157000
   704    38.138321     4.158000
   705    36.934079     4.159000
   706    38.528255     4.160000
   707    36.183224     4.161000
   708    33.379522     4.161000
   709    30.372101     4.161000
   710    32.459345     4.161000
   711    36.866270     4.160000
   712    33.930812     4.160000
   713    37.887390     4.159000
   714    37.174208     4.158000
   715    38.615359     4.156000
   716    31.436374     4.155000
   717    30.031909     4.153000
   718    33.607158     4.151000
   719    30.276553     4.149000
   720    27.289304     4.147000
   721    33.965435     4.144000
   722    30.695267     4.142000
   723    35.005706     4.139000
   724    28.735175     4.136000
   725    29.756174     4.132000
   726    32.566656     4.129000
   727    32.677441     4.126000
   728    30.588708     4.122000
   729    24.658324     4.118000
   730    36.183893     4.114000
   731    30.220116     4.110000
   732    24.859541     4.106000
   733    31.047628     4.102000
   734    26.738578     4.097000
   735    30.481379     4.093000
   736    22.379505     4.088000
   737    37.187250     4.084000
   738    29.413976     4.079000
   739    27.808246     4.074000
   740    24.133511     4.069000
   741    33.237101     4.064000
   742    27.784578     4.059000
   743    26.323132     4.054000
   744    33.700448     4.049000
   745    26.410501     4.044000
   746    29.313542     4.039000
   747    26.902797     4.034000
   748    24.501484     4.028000
   749    26.797178     4.023000
   750    28.961404     4.018000
   751    19.608811     4.013000
   752    20.409232     4.008000
   753    20.614956     4.002000
   754    21.582426     3.997000
   755    30.968657     3.992000
   756    23.997854     3.987000
   757    24.115925     3.982000
   758    25.175173     3.977000
   759    29.110710     3.972000
   760    19.809169     3.967000
   761    28.877130     3.962000
   762    23.668624     3.957000
   763    29.898682     3.953000
   764    23.974313     3.948000
   765    26.415015     3.944000
   766    21.386849     3.939000
   767    24.038458     3.935000
   768    20.083759     3.931000
   769    20.149187     3.927000
   770    28.677387     3.923000
   771    25.047455     3.919000
   772    25.751560     3.915000
   773    23.876105     3.912000
   774    20.181515     3.908000
   775    24.019091     3.905000
   776    10.985720     3.902000
   777    14.369609     3.899000
   778    17.006203     3.896000
   779    15.534888     3.894000
   780    19.620722     3.891000
   781    14.076969     3.889000
   782    18.534485     3.887000
   783    12.039608     3.885000
   784    17.975397     3.883000
   785    13.165725     3.882000
   786    21.359042     3.881000
   787    15.335154     3.879000
   788    10.620158     3.879000
   789    20.896920     3.878000
   790    17.035538     3.877000
   791    13.314689     3.877000
   792    14.325895     3.877000
   793     8.279276     3.877000
   794    15.012284     3.878000
   795    17.151485     3.878000
   796    14.146420     3.879000
   797    23.426980     3.881000
   798    16.157371     3.882000
   799     6.435155     3.884000
   800    17.501347     3.886000
   801    11.553060     3.888000
   802    13.862390     3.890000
   803    13.886246     3.893000
   804    23.618706     3.896000
   805    13.680494     3.899000
   806    17.710835     3.902000
   807    21.977694     3.906000
   808    10.322365     3.910000
   809    16.887640     3.914000
   810    19.206470     3.919000
   811    10.881739     3.924000
   812    12.418478     3.929000
   813    12.620658     3.934000
   814    10.791165     3.940000
   815    13.402459     3.946000
   816    11.796912     3.952000
   817    15.123305     3.959000
   818    13.271671     3.966000
   819    21.362079     3.973000
   820     3.055802     3.980000
   821    14.498969     3.988000
   822    11.107496     3.996000
   823    12.307241     4.004000
   824     6.379951     4.013000
   825    14.930220     4.021000
   826    17.337606     4.031000
   827    14.203130     4.040000
   828    19.986675     4.050000
   829    11.574721     4.060000
   830    15.544512     4.070000
   831     8.535298     4.081000
   832     9.305800     4.092000
   833    14.557234     4.103000
   834     6.900789     4.115000
   835     2.466206     4.126000
   836     8.390958     4.138000
   837    12.484808     4.151000
   838    18.718979     4.164000
   839    14.823794     4.177000
   840    14.171367     4.190000
   841    12.247053     4.203000
   842    17.556876     4.217000
   843    20.608537     4.232000
   844    13.963217     4.246000
   845     5.981306     4.261000
   846    21.504348     4.276000
   847    11.594594     4.291000
   848    15.028531     4.307000
   849    15.785004     4.323000
   850    13.347825     4.339000
   851    18.440318     4.355000
   852    12.292883     4.372000
   853    13.815356     4.389000
   854    15.279478     4.407000
   855    18.461457     4.424000
   856    10.333564     4.442000
   857    22.117161     4.460000
   858     9.520524     4.479000
   859    13.196573     4.497000
   860    18.159610     4.516000
   861     9.011793     4.536000
   862    12.634646     4.555000
   863     9.401752     4.575000
   864    16.966523     4.595000
   865    14.295029     4.615000
   866     9.576454     4.636000
   867    19.140000     4.656000
   868    10.640144     4.677000
   869    12.860091     4.698000
   870    11.503166     4.720000
   871    17.844997     4.742000
   872    17.096947     4.763000
   873    20.536841     4.786000
   874    18.286851     4.808000
   875    19.193469     4.830000
   876    19.902483     4.853000
   877    20.708103     4.876000
   878    14.387826     4.899000
   879    24.177404     4.923000
   880    13.984028     4.946000
   881    14.955964     4.970000
   882    16.867612     4.994000
   883    18.492231     5.018000
   884    18.196989     5.043000
   885    18.546795     5.067000
   886    14.498420     5.092000
   887    21.309784     5.117000
   888    25.139029     5.142000
   889    19.318005     5.167000
   890    15.691472     5.193000
   891    16.748911     5.218000
   892    18.440381     5.244000
   893    14.093623     5.270000
   894    20.245294     5.296000
   895    13.607556     5.322000
   896    39.266053     5.348000
   897    12.030552     5.374000
   898    17.123971     5.401000
   899    23.997510     5.427000
   900    30.877009     5.454000
   901    21.522173     5.481000
   902    22.184409     5.508000
   903    16.532434     5.535000
   904    32.232704     5.562000
   905    30.687304     5.589000
   906    29.490238     5.616000
   907    19.044179     5.644000
   908    23.500260     5.671000
   909    25.396865     5.699000
   910    22.449045     5.726000
   911    32.844818     5.754000
   912    25.155000     5.781000
   913    28.248213     5.809000
   914    23.381519     5.837000
   915    36.955987     5.864000
   916    31.319260     5.892000
   917    18.927868     5.920000
   918    23.148020     5.947000
   919    31.849645     5.975000
   920    36.181252     6.003000
   921    39.359066     6.031000
   922    29.024439     6.059000
   923    23.772010     6.086000
   924    32.449719     6.114000
   925    31.124880     6.142000
   926    22.200272     6.170000
   927    36.999805     6.197000
   928    28.354920     6.225000
   929    33.941617     6.252000
   930    36.364557     6.280000
   931    39.156199     6.307000
   932    32.128177     6.335000
   933    40.541144     6.362000
   934    38.119058     6.389000
   935    38.608557     6.416000
   936    38.801694     6.444000
   937    34.501590     6.471000
   938    36.772152     6.498000
   939    36.248895     6.524000
   940    24.016222     6.551000
   941    28.967494     6.578000
   942    26.087311     6.604000
   943    39.088839     6.631000
   944    23.687704     6.657000
   945    28.412645     6.683000
   946    26.136650     6.709000
   947    38.473423     6.735000
   948    31.112353     6.761000
   949    39.281117     6.787000
   950    46.721597     6.812000
   951    32.867952     6.838000
   952    39.261950     6.863000
   953    47.547753     6.888000
   954    36.252061     6.913000
   955    38.224935     6.938000
   956    33.373881     6.963000
   957    21.638869     6.987000
   958    36.936483     7.012000
   959    38.452312     7.036000
   960    36.698415     7.060000
   961    45.308432     7.084000
   962    36.638194     7.108000
   963    34.780581     7.131000
   964    29.384602     7.154000
   965    39.656622     7.178000
   966    40.673118     7.201000
   967    37.547827     7.223000
   968    34.618942     7.246000
   969    31.073438     7.268000
   970    50.830575     7.290000
   971    38.285587     7.312000
   972    37.491569     7.334000
   973    45.322242     7.356000
   974    29.830034     7.377000
   975    52.567592     7.398000
   976    28.406558     7.419000
   977    43.875307     7.440000
   978    32.838280     7.461000
   979    38.367798     7.481000
   980    39.359077     7.501000
   981    38.559848     7.521000
   982    32.465971     7.541000
   983    40.200466     7.561000
   984    38.385126     7.580000
   985    36.037915     7.599000
   986    43.059603     7.618000
   987    45.392545     7.637000
   988    62.588841     7.656000
   989    38.510447     7.674000
   990    34.963693     7.692000
   991    46.474922     7.711000
   992    49.175873     7.728000
   993    34.502484     7.746000
   994    36.474215     7.763000
   995    30.127077     7.781000
   996    39.902849     7.798000
   997    35.935044     7.815000
   998    43.584693     7.853000
   999    43.292872     7.869000
  1000    40.092412     9.796000
  1001    40.777873     9.814000
  1002    26.322960     9.944000
  1003    40.460499     9.961000
  1004    42.410273     9.982000
  1005    37.746192     9.999000
  1006    52.082710    10.016000
  1007    42.973888    10.033000
  1008    33.776212    10.050000
  1009    39.615451    10.066000
  1010    33.763430    10.082000
  1011    37.330600    10.098000
  1012    36.058205    10.114000
  1013    51.237462    10.130000
  1014    46.633311    10.145000
  1015    50.627998    10.161000
  1016    36.290114    10.176000
  1017    55.583943    10.191000
  1018    35.313759    10.205000
  1019    50.166188    10.220000
  1020    46.287801    10.235000
  1021    30.929038    10.249000
  1022    37.883370    10.263000
  1023    30.863686    10.277000
  1024    55.977384    10.291000
  1025    33.434964    10.305000
  1026    54.093086    10.318000
  1027    25.379781    10.332000
  1028    34.744388    10.345000
  1029    34.569375    10.359000
  1030    48.995363    10.372000
  1031    33.709211    10.385000
  1032    30.473315    10.398000
  1033    37.325955    10.411000
  1034    40.567471    10.424000
  1035    32.261828    10.437000
  1036    28.962316    10.449000
  1037    44.250362    10.462000
  1038    48.071220    10.474000
  1039    26.580923    10.487000
  1040    46.552218    10.499000
  1041     8.171917    10.512000
  1042    12.750000    10.524000
  1043    44.070832    10.536000
  1044    38.498296    10.549000
  1045    42.759110    10.561000
  1046    44.008995    10.573000
  1047    43.758217    10.585000
  1048    42.995302    10.598000
  1049    23.792705    10.610000
  1050    33.814600    10.622000
  1051    38.631846    10.634000
  1052    39.388268    10.646000
  1053    22.986863    10.659000
  1054    15.274884    10.671000
  1055    31.598070    10.683000
  1056    26.713294    10.695000
  1057    33.864051    10.708000
  1058    15.980433    10.720000
  1059    30.760979    10.732000
  1060    10.039790    10.745000
  1061    20.593538    10.757000
  1062    23.629516    10.770000
  1063    27.513280    10.782000
  1064    35.270787    10.795000
  1065    30.819038    10.808000
  1066    23.049024    10.821000
  1067    28.756403    10.834000
  1068    23.038027    10.847000
  1069    56.847017    10.860000
  1070    17.972310    10.873000
  1071    46.980955    10.887000
  1072     9.538881    10.900000
  1073    14.212507    10.914000
  1074    21.903232    10.927000
  1075    12.518166    10.941000
  1076    20.461193    10.955000
  1077    48.395195    10.969000
  1078    32.462369    10.983000
  1079    40.588004    10.998000
  1080    19.294796    11.012000
  1081    34.270000    11.027000
  1082    26.814502    11.042000
  1083     8.934605    11.057000
  1084    18.418396    11.072000
  1085    33.364924    11.087000
  1086     6.262739    11.103000
  1087   -11.674661    11.119000
  1088    40.861148    11.134000
  1089     9.328459    11.150000
  1090    18.022158    11.167000
  1091    30.812740    11.183000
  1092    25.960288    11.200000
  1093    16.474878    11.217000
  1094    17.293479    11.234000
  1095    39.504982    11.251000
  1096    16.566884    11.268000
  1097    46.929469    11.286000
  1098    41.228246    11.304000
  1099     7.805805    11.322000
  1100    10.079871    11.340000
  1101    35.840814    11.359000
  1102    -6.629078    11.378000
  1103     5.115670    11.397000
  1104    -0.536022    11.416000
  1105    12.514865    11.435000
  1106    18.248957    11.455000
  1107    30.061287    11.475000
  1108    26.523007    11.495000
  1109    36.751552    11.516000
  1110    -1.060973    11.536000
  1111    29.135587    11.557000
  1112    -1.444334    11.579000
  1113    11.333505    11.600000
  1114    22.405406    11.622000
  1115    39.684215    11.644000
  1116     6.741645    11.666000
  1117    10.533084    11.689000
  1118     5.174671    11.711000
  1119    23.864883    11.734000
  1120     9.932160    11.758000
  1121     2.659652    11.781000
  1122    23.833801    11.805000
  1123     4.388066    11.829000
  1124     8.191345    11.854000
  1125    28.764645    11.879000
  1126    -2.930044    11.904000
  1127    23.896515    11.929000
  1128    20.968857    11.954000
  1129     8.057767    11.980000
  1130    17.323988    12.006000
  1131    11.132170    12.033000
  1132     5.766865    12.059000
  1133     4.260487    12.086000
  1134    11.283850    12.114000
  1135     2.725322    12.141000
  1136    28.462310    12.169000
  1137    -4.066323    12.197000
  1138     7.964113    12.225000
  1139    23.055024    12.254000
  1140   -11.703747    12.283000
  1141    14.615546    12.312000
  1142    12.350261    12.342000
  1143    19.550121    12.372000
  1144    31.808827    12.402000
  1145    26.976903    12.432000
  1146     6.529298    12.463000
  1147    31.671962    12.494000
  1148    24.397711    12.525000
  1149    15.021479    12.557000
  1150    -3.324253    12.589000
  1151     2.429830    12.621000
  1152    16.688043    12.653000
  1153    16.253356    12.686000
  1154    24.323034    12.719000
  1155    11.801102    12.752000
  1156    27.866328    12.786000
  1157    28.988839    12.819000
  1158     8.374720    12.853000
  1159    -0.761447    12.888000
  1160    10.517534    12.922000
  1161    14.964512    12.957000
  1162    -6.928654    12.993000
  1163     6.587173    13.028000
  1164    38.265934    13.064000
  1165    14.720036    13.100000
  1166     7.191987    13.136000
  1167    -2.918612    13.173000
  1168    22.748061    13.209000
  1169     9.223519    13.246000
  1170    -1.786226    13.284000
  1171     1.555502    13.321000
  1172    20.882373    13.359000
  1173    14.543521    13.397000
  1174    31.765216    13.436000
  1175    30.362186    13.474000
  1176    19.600348    13.513000
  1177    30.475869    13.552000
  1178   -12.344009    13.591000
  1179    37.190862    13.631000
  1180    28.043538    13.671000
  1181   -11.881895    13.711000
  1182     3.636058    13.751000
  1183    20.283459    13.792000
  1184    33.686825    13.832000
  1185    15.258710    13.873000
  1186    34.522416    13.915000
  1187    16.801908    13.956000
  1188    10.753218    13.998000
  1189    14.355195    14.040000
  1190   -16.019064    14.082000
  1191     5.515478    14.124000
  1192    35.385993    14.166000
  1193     4.572340    14.209000
  1194    12.131361    14.252000
  1195     1.941609    14.295000
  1196     7.651908    14.338000
  1197    -3.308522    14.382000
  1198    14.624659    14.425000
  1199    27.088766    14.469000
  1200    41.062403    14.513000
  1201     2.631182    14.558000
  1202     1.709129    14.602000
  1203    11.014842    14.647000
  1204    13.805910    14.691000
  1205    35.889877    14.736000
  1206     4.588166    14.781000
  1207     8.820101    14.827000
  1208    24.474957    14.872000
  1209    13.237817    14.918000
  1210    36.338618    14.963000
  1211    29.706750    15.009000
  1212    34.871423    15.055000
  1213     8.458956    15.101000
  1214     7.808349    15.148000
  1215    23.179415    15.194000
  1216    39.512661    15.241000
  1217    24.047372    15.287000
  1218    34.788628    15.334000
  1219     7.594222    15.381000
  1220    16.661110    15.428000
  1221    24.467828    15.475000
  1222    32.440921    15.523000
  1223    38.238952    15.570000
  1224     3.695009    15.618000
  1225    21.409322    15.665000
  1226    15.666792    15.713000
  1227    24.161965    15.761000
  1228    20.927395    15.809000
  1229    41.270861    15.857000
  1230    26.224657    15.905000
  1231     1.639524    15.953000
  1232     4.609361    16.000999
  1233    48.168314    16.049000
  1234    57.093230    16.098000
  1235    45.319111    16.146000
  1236    20.616759    16.195000
  1237    24.649167    16.243999
  1238     3.036212    16.292000
  1239    18.059340    16.341000
  1240    18.882110    16.389999
  1241    30.363913    16.438999
  1242    36.976541    16.488001
  1243    17.589225    16.537001
  1244    16.495761    16.586000
  1245     8.217190    16.635000
  1246     2.380060    16.684000
  1247     5.068331    16.733000
  1248     2.324745    16.782000
  1249    56.794798    16.830999
  1250    -3.159322    16.881001
  1251    39.570737    16.930000
  1252     0.883030    16.979000
  1253     7.407361    17.028999
  1254    13.205171    17.077999
  1255    -4.132360    17.127001
  1256    43.502516    17.177000
  1257    34.939694    17.226000
  1258    25.005077    17.275999
  1259    25.009593    17.325001
  1260     1.084900    17.375000
  1261    34.370318    17.424000
  1262    17.195757    17.474001
  1263    24.554976    17.523001
  1264    28.001389    17.573000
  1265    -0.520475    17.622000
  1266    24.133334    17.672001
  1267    52.105940    17.721001
  1268    37.097796    17.771000
  1269    55.551050    17.820000
  1270    57.283298    17.870001
  1271    37.123061    17.919001
  1272    17.609415    17.969000
  1273    20.319774    18.018000
  1274    42.036912    18.068001
  1275    32.403610    18.117001
  1276    27.137712    18.166000
  1277    34.380072    18.216000
  1278     3.556206    18.264999
  1279    64.188724    18.315001
  1280    37.458233    18.364000
  1281    17.058036    18.414000
  1282    -5.135875    18.462999
  1283    53.750817    18.511999
  1284    20.543751    18.562000
  1285     8.050662    18.611000
  1286    46.968772    18.660000
  1287    30.462327    18.709999
  1288    16.356065    18.759001
  1289    43.048884    18.808001
  1290    12.686887    18.857000
  1291    -7.887616    18.907000
  1292   -19.241588    18.955999
  1293    23.545005    19.004999
  1294    -3.189693    19.054001
  1295    21.263499    19.103001
  1296    55.634153    19.153000
  1297    53.225498    19.202000
  1298    11.757510    19.250999
  1299    51.101788    19.299999
  1300    65.800314    19.349001
  1301    17.003562    19.398001
  1302    57.773135    19.447001
  1303    36.900901    19.497000
  1304    13.223184    19.546000
  1305    57.618710    19.594999
  1306    64.144201    19.643999
  1307    22.844211    19.693001
  1308    39.058859    19.742001
  1309    14.871415    19.791000
  1310    50.311831    19.840000
  1311    21.293878    19.889000
  1312   -15.300793    19.938000
  1313    46.248957    19.987000
  1314    34.053915    20.035999
  1315    75.201305    20.084999
  1316    20.983693    20.135000
  1317    27.535770    20.184000
  1318    44.812726    20.233000
  1319    50.398483    20.282000
  1320    48.798201    20.330999
  1321     3.820399    20.379999
  1322    50.875367    20.430000
  1323     4.559004    20.479000
  1324     2.022803    20.528000
  1325    50.214504    20.577000
  1326    16.113587    20.627001
  1327    72.134149    20.676001
  1328    28.782375    20.725000
  1329    43.253915    20.775000
  1330     5.351185    20.823999
  1331    80.173758    20.874001
  1332    41.799127    20.923000
  1333    22.831865    20.973000
  1334    17.587182    21.021999
  1335    58.065243    21.072001
  1336    45.623410    21.122000
  1337    -0.740606    21.172001
  1338   -35.508676    21.221001
  1339    -3.855084    21.271000
  1340    33.351948    21.320999
  1341    14.898297    21.371000
  1342    58.206233    21.422001
  1343    33.033241    21.472000
  1344    27.782179    21.521999
  1345    14.948062    21.572001
  1346     4.479791    21.622999
  1347    45.512871    21.673000
  1348    12.369387    21.724001
  1349     4.898999    21.775000
  1350   -24.802190    21.825001
  1351    44.740789    21.875999
  1352    20.974334    21.927000
  1353     3.416352    21.978001
  1354    24.824701    22.028999
  1355    36.965062    22.080999
  1356    -0.126578    22.132000
  1357    21.110548    22.184000
  1358    21.608642    22.235001
  1359    13.473973    22.287001
  1360    22.868739    22.339001
  1361    17.577686    22.391001
  1362    -2.718547    22.443001
  1363     5.907831    22.495001
  1364    56.465242    22.548000
  1365    45.195356    22.600000
  1366    29.599273    22.653000
  1367    50.437767    22.705999
  1368    36.099847    22.759001
  1369     6.184610    22.812000
  1370     5.276189    22.865000
  1371    61.885628    22.919001
  1372    39.623286    22.972000
  1373     2.151234    23.025999
  1374    44.837061    23.080000
  1375    17.406924    23.134001
  1376    28.810992    23.188000
  1377    -6.252693    23.243000
  1378    44.284047    23.298000
  1379    44.444177    23.351999
  1380    25.503496    23.407000
  1381    36.260618    23.462999
  1382    49.575109    23.518000
  1383     3.687949    23.573999
  1384    54.817466    23.629000
  1385    55.449923    23.684999
  1386   -27.573280    23.742001
  1387    -0.053751    23.798000
  1388    -4.442509    23.855000
  1389     4.856476    23.910999
  1390    44.789732    23.968000
  1391    -2.866275    24.025999
  1392    -5.299486    24.083000
  1393    50.254957    24.141001
  1394    29.068992    24.198999
  1395   -23.094652    24.257000
  1396   -14.809984    24.315001
  1397    42.909717    24.374001
  1398    15.462760    24.433001
  1399    45.517208    24.492001
  1400    41.983404    24.551001
  1401    43.354562    24.611000
  1402    39.736893    24.670000
  1403    46.950487    24.730000
  1404    -2.992832    24.791000
  1405     6.729366    24.851000
  1406    48.206356    24.912001
  1407    -7.660675    24.973000
  1408    15.279654    25.035000
  1409    15.254374    25.096001
  1410     1.506147    25.158001
  1411    17.858044    25.219999
  1412    14.358236    25.283001
  1413    33.961815    25.344999
  1414    10.036888    25.408001
  1415    15.276088    25.471001
  1416   -13.503138    25.535000
  1417    -7.249648    25.599001
  1418    -5.965843    25.663000
  1419    41.994670    25.726999
  1420   -10.836666    25.792000
  1421    -4.169601    25.857000
  1422    17.811881    25.922001
  1423     8.182335    25.987000
  1424    42.612472    26.052999
  1425   -16.038140    26.118999
  1426   -38.568227    26.186001
  1427    -5.065406    26.252001
  1428    10.844532    26.319000
  1429    12.691659    26.386000
  1430   -11.164279    26.454000
  1431    64.550062    26.521999
  1432     1.654738    26.590000
  1433    36.689743    26.659000
  1434    26.552211    26.726999
  1435    -8.948520    26.796000
  1436    -6.771155    26.865999
  1437    20.046949    26.934999
  1438    28.983140    27.006001
  1439    28.036216    27.076000
  1440    44.930338    27.146999
  1441    17.784992    27.216999
  1442     6.413586    27.289000
  1443    35.608286    27.360001
  1444   -13.043190    27.431999
  1445   -17.374995    27.504999
  1446    52.962336    27.577000
  1447     9.735678    27.650000
  1448    21.586434    27.723000
  1449    36.266716    27.797001
  1450   -17.626977    27.871000
  1451   -21.916121    27.945000
  1452    -6.265678    28.018999
  1453   -20.006756    28.094000
  1454    28.319091    28.169001
  1455    35.333351    28.245001
  1456    30.640050    28.320000
  1457    22.043966    28.396000
  1458    32.389791    28.473000
  1459    46.542323    28.549999
  1460    16.990196    28.627001
  1461    77.107257    28.704000
  1462   -18.988504    28.782000
  1463    54.590281    28.860001
  1464    23.897617    28.938000
  1465     9.204821    29.017000
  1466    27.256813    29.096001
  1467    46.823713    29.176001
  1468    -5.908987    29.254999
  1469     9.158318    29.334999
  1470    18.858432    29.416000
  1471    -3.767726    29.496000
  1472    -3.539462    29.577000
  1473    14.099601    29.659000
  1474    -5.436254    29.740000
  1475   -28.254434    29.822001
  1476    27.304233    29.905001
  1477    15.035057    29.987000
  1478    -0.252528    30.070000
  1479     4.602896    30.153000
  1480    45.016827    30.237000
  1481     5.614328    30.320999
  1482    80.721306    30.405001
  1483    44.952672    30.490000
  1484    20.806884    30.575001
  1485   -21.266697    30.660000
  1486   -16.396352    30.746000
  1487   -23.876520    30.830999
  1488   -54.344785    30.917999
  1489    -9.589093    31.004000
  1490    -1.016513    31.091000
  1491    41.995204    31.177999
  1492    22.730051    31.266001
  1493    24.321416    31.353001
  1494    22.722126    31.441000
  1495   -17.103054    31.530001
  1496     1.209466    31.618999
  1497     9.536471    31.708000
  1498    41.468007    31.797001
  1499    11.480565    31.886999
  1500     5.295215    31.976999
  1501    -1.676737    32.067001
  1502     4.904296    32.158001
  1503    17.770476    32.248001
  1504    10.565457    32.340000
  1505    18.123400    32.431000
  1506    -6.662192    32.522999
  1507   -17.007692    32.615002
  1508     1.192597    32.708000
  1509   -13.636764    32.799999
  1510    16.357694    32.893002
  1511    22.637449    32.987000
  1512   -15.046036    33.080002
  1513   -23.083861    33.174000
  1514    -1.507578    33.268002
  1515    77.338509    33.362999
  1516    25.797883    33.458000
  1517    84.614037    33.553001
  1518    41.543156    33.647999
  1519   -30.515723    33.743999
  1520   -70.332400    33.840000
  1521    56.568692    33.936001
  1522    14.822194    34.033001
  1523    61.929281    34.130001
  1524    31.170350    34.227001
  1525    54.326242    34.324001
  1526    -1.557262    34.422001
  1527    53.627733    34.520000
  1528    29.495500    34.618000
  1529   -37.401712    34.716999
  1530    -8.727771    34.816002
  1531   -29.778785    34.915001
  1532    30.576340    35.014000
  1533    11.833326    35.113998
  1534   -45.239643    35.214001
  1535    26.518295    35.313999
  1536   -16.987606    35.415001
  1537     9.738421    35.515999
  1538    49.125769    35.617001
  1539   -28.499673    35.717999
  1540    32.679338    35.820000
  1541    34.169123    35.922001
  1542    83.705688    36.023998
  1543    -8.448137    36.125999
  1544   -14.387690    36.229000
  1545     5.200224    36.332001
  1546    13.638813    36.435001
  1547    93.247688    36.539001
  1548    -7.014123    36.641998
  1549    78.326620    36.745998
  1550    31.804705    36.851002
  1551    65.927266    36.955002
  1552   -49.529729    37.060001
  1553    21.224520    37.165001
  1554    54.123921    37.270000
  1555    77.315438    37.375999
  1556    58.596406    37.481998
  1557   -52.180618    37.588001
  1558    29.017201    37.694000
  1559    21.021002    37.800999
  1560    30.545561    37.908001
  1561   -26.414083    38.014999
  1562   -21.667748    38.122002
  1563    29.373681    38.230000
  1564   -34.461983    38.338001
  1565    61.958897    38.445999
  1566   -70.093239    38.555000
  1567   -14.276325    38.662998
  1568    55.974246    38.771999
  1569    37.077882    38.881001
  1570    22.959264    38.991001
  1571    54.804164    39.099998
  1572    91.818362    39.209999
  1573    47.806952    39.320999
  1574    31.237856    39.431000
  1575    20.100404    39.542000
  1576    29.836653    39.653000
  1577   -11.090973    39.764000
  1578    45.207415    39.875000
  1579     1.566924    39.987000
  1580    38.700159    40.098999
  1581    91.728594    40.210999
  1582    24.146118    40.324001
  1583    11.854985    40.436001
  1584    34.505122    40.549000
  1585    60.903941    40.662998
  1586   -23.238096    40.776001
  1587     7.327385    40.889999
  1588   -15.217585    41.004002
  1589    -8.139664    41.118000
  1590   -18.175839    41.233002
  1591   -62.582993    41.347000
  1592   106.703765    41.462002
  1593    75.902522    41.577999
  1594    69.343425    41.693001
  1595    81.879485    41.808998
  1596   110.888364    41.924999
  1597    40.090247    42.041000
  1598   -20.827887    42.158001
  1599    16.389448    42.275002
  1600    39.873922    42.391998
  1601    26.170075    42.508999
  1602   -73.166523    42.626999
  1603    44.924647    42.744999
  1604    73.296569    42.862999
  1605   138.838412    42.981998
  1606    15.501983    43.099998
  1607    41.432334    43.219002
  1608    38.160870    43.338001
  1609    29.086952    43.458000
  1610    55.408463    43.577999
  1611    16.268826    43.698002
  1612    29.549600    43.818001
  1613    44.922403    43.938999
  1614    22.037901    44.060001
  1615    96.313751    44.181000
  1616    51.338570    44.301998
  1617   -55.411344    44.424000
  1618    31.419758    44.546001
  1619    12.336789    44.667999
  1620   -45.725772    44.791000
  1621   -25.022907    44.914001
  1622    28.735418    45.036999
  1623    78.072543    45.160000
  1624    19.858820    45.284000
  1625    56.151525    45.408001
  1626   -41.201714    45.532001
  1627    47.443435    45.657001
  1628    70.648878    45.782001
  1629    13.337688    45.907001
  1630   -54.384621    46.032001
  1631   -44.209758    46.158001
  1632    49.082596    46.284000
  1633    20.908212    46.410999
  1634     4.324620    46.536999
  1635    45.403038    46.664001
  1636    32.814125    46.792000
  1637    71.105373    46.918999
  1638   131.570726    47.047001
  1639    76.634601    47.175999
  1640    -4.838028    47.304001
  1641   -16.746577    47.432999
  1642     3.152694    47.563000
  1643   -20.262965    47.692001
  1644     2.177707    47.821999
  1645    26.656026    47.952000
  1646    26.582539    48.083000
  1647    97.672057    48.214001
  1648   -23.624688    48.345001
  1649   104.246230    48.477001
  1650     1.811848    48.609001
  1651    26.199114    48.741001
  1652   -35.578856    48.874001
  1653   -22.789125    49.007000
  1654   -35.736534    49.139999
  1655    74.394444    49.273998
  1656    -1.509351    49.408001
  1657   -30.872174    49.542000
  1658    44.496790    49.676998
  1659    55.970839    49.812000
  1660    -9.373616    49.946999
  1661    -2.673933    50.083000
  1662     2.512762    50.220001
  1663    14.924811    50.355999
  1664   -23.850804    50.493000
  1665    15.353044    50.631001
  1666    57.800380    50.768002
  1667     2.718214    50.905998
  1668     9.153972    51.044998
  1669    29.082295    51.183998
  1670    36.569873    51.323002
  1671    34.798121    51.463001
  1672   -29.806113    51.603001
  1673   -52.161665    51.743000
  1674    20.051129    51.883999
  1675    -0.859373    52.026001
  1676    32.814643    52.167000
  1677    -5.758873    52.308998
  1678    12.479203    52.452000
  1679   -21.048745    52.595001
  1680    73.191863    52.737999
  1681    52.922900    52.882000
  1682     7.814516    53.026001
  1683    39.536128    53.171001
  1684   -54.352714    53.316002
  1685   -76.828968    53.460999
  1686   -63.624849    53.606998
  1687    39.415956    53.752998
  1688    48.909082    53.900002
  1689   108.506782    54.047001
  1690    13.527847    54.195000
  1691   -33.251595    54.342999
  1692   121.085403    54.491001
  1693    77.304088    54.639999
  1694   -44.967847    54.790001
  1695    61.100333    54.939999
  1696    10.259613    55.090000
  1697   -23.416361    55.241001
  1698    16.522371    55.391998
  1699    41.006811    55.543999
  1700   -28.019871    55.695999
  1701    44.597145    55.848999
  1702    73.473144    56.001999
  1703    36.045351    56.155998
  1704   -21.968000    56.310001
  1705    65.560048    56.464001
  1706   108.477561    56.618999
  1707    27.596186    56.775002
  1708    83.183033    56.931000
  1709    79.504341    57.088001
  1710    52.872652    57.244999
  1711    -8.784222    57.402000
  1712    51.809230    57.560001
  1713    75.960541    57.719002
  1714    49.292966    57.877998
  1715   -12.273422    58.036999
  1716    36.639848    58.196999
  1717    59.036302    58.358002
  1718    -5.693781    58.519001
  1719   -37.819505    58.681000
  1720    32.255352    58.842999
  1721     0.810525    59.005001
  1722    51.701701    59.167999
  1723   -11.236117    59.332001
  1724    82.348286    59.495998
  1725   -94.417860    59.660999
  1726   -74.377003    59.826000
  1727    -7.852703    59.992001
  1728    17.720433    60.158001
  1729   158.808657    60.325001
  1730    20.288346    60.493000
  1731   -43.930656    60.660999
  1732   -87.709585    60.828999
  1733   -36.059612    60.998001
  1734    -3.496395    61.167999
  1735    88.972740    61.338001
  1736   -52.241235    61.508999
  1737    56.329335    61.680000
  1738    32.335614    61.852001
  1739  -119.415584    62.023998
  1740    38.089082    62.196999
  1741   -29.099130    62.370998
  1742   -14.518212    62.544998
  1743   -31.733115    62.719002
  1744    49.205030    62.895000
  1745   104.878998    63.070000
  1746   -31.981978    63.247002
  1747    15.733347    63.424000
  1748   -43.648247    63.601002
  1749  -193.835598    63.778999
  1750   -27.872104    63.958000
  1751    13.350368    64.137001
  1752    26.925466    64.317001
  1753   -28.427828    64.498001
  1754    13.773568    64.679001
  1755   -73.862722    64.860001
  1756    26.867128    65.042000
  1757   -51.187694    65.224998
  1758    13.642744    65.408997
  1759    77.799581    65.593002
  1760   106.483532    65.777000
  1761    72.314528    65.962997
  1762    79.358377    66.148003
  1763    22.353545    66.334999
  1764   -19.027346    66.522003
  1765   -65.593208    66.709999
  1766    26.020001    66.898003
  1767   -84.242185    67.086998
  1768   145.908891    67.276001
  1769   100.609279    67.466003
  1770   -37.844694    67.656998
  1771   -75.012881    67.848999
  1772    48.373721    68.040001
  1773    49.866222    68.233002
  1774  -112.933476    68.426003
  1775   -25.448046    68.620003
  1776   -38.105090    68.815002
  1777    35.240662    69.010002
  1778     6.086963    69.206001
  1779    54.762090    69.402000
  1780   166.564589    69.598999
  1781    14.509498    69.796997
  1782     4.378219    69.995003
  1783    16.181468    70.194000
  1784    74.519310    70.392998
  1785   -52.664161    70.594002
  1786   -49.109027    70.793999
  1787   -18.981522    70.996002
  1788    16.919133    71.197998
  1789    16.871768    71.401001
  1790    54.332882    71.603996
  1791   103.420647    71.807999
  1792    13.614712    72.013000
  1793   -37.719725    72.219002
  1794   111.857263    72.425003
  1795   -25.732276    72.630997
  1796    72.361443    72.838997
  1797    21.643014    73.046997
  1798   -21.093185    73.254997
  1799   -41.052516    73.464996
  1800     2.503060    73.675003
  1801   131.868107    73.885002
  1802    28.411934    74.097000
  1803    86.123277    74.308998
  1804    12.832660    74.521004
  1805    66.744270    74.735001
  1806    48.279929    74.948997
  1807   119.106882    75.163002
  1808    -3.642973    75.378998
  1809   102.424894    75.595001
  1810  -149.741635    75.810997
  1811   -37.366065    76.028999
  1812    14.404538    76.247002
  1813    29.240411    76.464996
  1814   -47.835505    76.684998
  1815    67.111026    76.904999
  1816  -107.389553    77.125999
  1817    -0.053765    77.347000
  1818  -137.884425    77.569000
  1819   -47.275719    77.792000
  1820  -101.123160    78.015999
  1821   -34.197984    78.239998
  1822   -28.750198    78.464996
  1823   -52.620707    78.690002
  1824  -185.310724    78.916000
  1825  -106.083712    79.142998
  1826   -37.005047    79.371002
  1827    16.469382    79.598999
  1828    17.818602    79.828003
  1829    83.111531    80.057999
  1830    68.064382    80.289001
  1831   -96.609906    80.519997
  1832   -12.117555    80.751999
  1833   -17.876759    80.984001
  1834   -42.488730    81.217003
  1835     4.659123    81.450996
  1836   -12.717358    81.685997
  1837   -85.962586    81.920998
  1838    14.829891    82.156998
  1839    48.433993    82.393997
  1840    38.159758    82.632004
  1841   -25.330411    82.870003
  1842   -43.377433    83.109001
  1843    -7.434913    83.348000
  1844   -55.070024    83.588997
  1845    41.922177    83.830002
  1846     9.897097    84.071999
  1847   -16.621342    84.314003
  1848   103.069957    84.556999
  1849   104.566854    84.801003
  1850   -19.197753    85.045998
  1851     7.921561    85.291000
  1852    86.965707    85.537003
  1853   -19.356506    85.783997
  1854   -56.488804    86.031998
  1855   -17.376757    86.279999
  1856    25.672131    86.528999
  1857   187.646116    86.778999
  1858    72.540952    87.029999
  1859    14.997580    87.280998
  1860    17.855679    87.532997
  1861   -70.876062    87.786003
  1862   114.260522    88.039001
  1863    45.778106    88.292999
  1864   224.133807    88.547997
  1865    30.087238    88.804001
  1866    74.929974    89.059998
  1867   202.169650    89.318001
  1868  -177.714409    89.575996
  1869   -12.897171    89.834000
  1870    12.657939    90.094002
  1871    29.745145    90.353996
  1872   185.289010    90.614998
  1873   118.108650    90.876999
  1874   -14.355956    91.139000
  1875   -29.850730    91.402000
  1876   -54.657148    91.666000
  1877    78.374467    91.931000
  1878   -99.546583    92.196999
  1879    12.167209    92.462997
  1880   -51.585996    92.730003
  1881    10.220968    92.998001
  1882  -119.964670    93.266998
  1883    42.204397    93.536003
  1884    31.546658    93.806000
  1885    61.082455    94.077003
  1886   -75.570456    94.348999
  1887    68.125583    94.622002
  1888  -111.803993    94.894997
  1889  -139.821225    95.168999
  1890   -94.136544    95.444000
  1891  -114.881414    95.720001
  1892   -52.563544    95.996002
  1893   -33.839826    96.274002
  1894   -67.288581    96.552002
  1895    73.506852    96.831001
  1896    36.639448    97.110001
  1897   -62.481013    97.390999
  1898   135.338254    97.671997
  1899    54.417418    97.954002
  1900  -112.264200    98.237000
  1901   -82.036777    98.521004
  1902    39.016470    98.806000
  1903   -67.389464    99.091003
  1904   174.641030    99.376999
  1905   168.190126    99.664001
  1906   145.697347    99.952003
  1907    84.293982   100.240997
  1908    13.040442   100.529999
  1909    79.392346   100.820999
  1910   166.297194   101.112000
  1911   115.348274   101.403999
  1912   -79.190394   101.696999
  1913  -110.334392   101.990997
  1914   114.791064   102.285004
  1915    40.321131   102.581001
  1916   115.306030   102.876999
  1917    11.926660   103.174004
  1918    15.495508   103.472000
  1919   -56.085884   103.771004
  1920   101.763987   104.070000
  1921    15.076996   104.371002
  1922    90.807101   104.671997
  1923   135.896297   104.974998
  1924   100.532042   105.278000
  1925   -90.545017   105.582001
  1926   -29.244109   105.887001
  1927   -73.697155   106.192001
  1928    19.195470   106.499001
  1929   106.117103   106.806999
  1930  -174.889878   107.114998
  1931   177.797046   107.424004
  1932   241.859911   107.735001
  1933    59.342164   108.045998
  1934   108.896562   108.358002
  1935    83.915145   108.670998
  1936   103.909261   108.985001
  1937   114.501444   109.299004
  1938   116.253973   109.614998
  1939   118.861219   109.931999
  1940   -30.411855   110.249001
  1941   -38.542678   110.567001
  1942   117.532002   110.887001
  1943  -122.566982   111.207001
  1944    92.269258   111.528000
  1945    64.784209   111.849998
  1946   174.551363   112.172997
  1947   152.491559   112.497002
  1948  -107.155019   112.821999
  1949   -18.431525   113.148003
  1950   -16.145830   113.474998
  1951   -45.863223   113.803001
  1952   114.734819   114.132004
  1953  -240.520246   114.460999
  1954    69.395712   114.792000
  1955   -81.400062   115.124001
  1956    26.708901   115.456001
  1957    -2.892514   115.790001
  1958   -98.104819   116.125000
  1959  -231.481451   116.459999
  1960    33.799339   116.796997
  1961   107.300001   117.134003
  1962    22.851816   117.473000
  1963    32.214574   117.811996
  1964    45.660080   118.153000
  1965  -247.924150   118.494003
  1966    59.346973   118.836998
  1967   -39.023285   119.180000
  1968   133.327464   119.525002
  1969  -235.788422   119.870003
  1970  -150.030456   120.217003
  1971   155.348436   120.564003
  1972   176.111707   120.913002
  1973   111.369797   121.263000
  1974   -99.633370   121.612999
  1975    -8.754063   121.964996
  1976   -62.646739   122.318001
  1977   113.416456   122.671997
  1978  -165.547112   123.027000
  1979   -44.437493   123.383003
  1980    69.313834   123.739998
  1981   114.985816   124.098000
  1982  -105.135331   124.457001
  1983   -91.593559   124.817001
  1984    -5.226038   125.178001
  1985     5.484693   125.541000
  1986   183.678554   125.903999
  1987    99.605801   126.268997
  1988   -39.425146   126.635002
  1989   -35.529932   127.001999
  1990   140.887255   127.370003
  1991  -158.383069   127.738998
  1992   159.931178   128.110001
  1993    22.339412   128.485001
  1994   136.164500   128.858994
  1995    28.543224   129.324005
  1996   258.326931   129.701004
