# Ell      ell*(ell+1)C_l/(2\pi)     err
    30  1125.999178   278.186005
    31  1137.148527   277.345001
    32   921.925224   276.714996
    33  1243.279335   276.266998
    34   662.672027   275.997009
    35  1161.149345   275.876007
    36  1310.278046   275.880005
    37  1063.985280   276.031006
    38   759.359219   276.302002
    39  1441.829205   276.665985
    40  1150.976945   277.140991
    41  1470.379391   277.704010
    42   934.183331   278.335999
    43  1296.555044   279.028992
    44  1575.118510   279.778015
    45   726.783653   280.610992
    46  1800.648418   281.483002
    47  1408.953359   282.368988
    48  1659.928540   283.296997
    49  1089.864172   284.278015
    50  1129.101279   285.276001
    51  1855.686468   286.278992
    52   928.030813   287.299988
    53  1644.230342   288.378998
    54  1398.638538   289.476013
    55  1483.833574   290.576996
    56  1439.194906   291.717010
    57  1758.778384   292.903992
    58  1545.328381   294.130005
    59  1169.562394   295.382996
    60  1728.505341   296.660004
    61  1064.201721   298.003998
    62  1297.676421   299.385986
    63  1589.173605   300.846985
    64   747.168727   302.350006
    65  1551.744940   303.907013
    66  1639.189734   305.507996
    67  1980.214506   307.156006
    68  1873.184786   308.838013
    69  1867.419437   310.558014
    70  2300.756508   312.316986
    71  1907.088029   314.105988
    72  1673.152717   315.928986
    73  2032.130270   317.777008
    74  2017.768418   319.660004
    75  1897.558200   321.562988
    76  1778.597265   323.492004
    77  1883.551289   325.449005
    78  2176.215123   327.432007
    79  1621.045891   329.444000
    80  2146.906576   331.484985
    81  1674.349685   333.548004
    82  1940.788136   335.643005
    83  2061.996940   337.760010
    84  1673.821679   339.910004
    85  1554.380027   342.083008
    86  2078.834236   344.273010
    87  2364.678353   346.484985
    88  2317.190467   348.720001
    89  2591.191224   350.984009
    90  2279.376498   353.260986
    91  2743.982107   355.559998
    92  2644.062054   357.871002
    93  2701.416595   360.212006
    94  2659.440807   362.558014
    95  2161.467215   364.934998
    96  2784.254765   367.315002
    97  2128.106126   369.713013
    98  2615.734295   372.123993
    99  3408.582775   374.558014
   100  2975.095886   377.001007
   101  2292.903374   379.454987
   102  2795.797396   381.920013
   103  2722.243328   384.404999
   104  3308.059382   386.888000
   105  3240.197210   389.391998
   106  2780.333415   391.904999
   107  2300.517607   394.423004
   108  2727.171730   396.946014
   109  2356.219324   399.471008
   110  3768.986612   402.016998
   111  3038.886542   404.556000
   112  2756.138400   407.109985
   113  3132.404070   409.654999
   114  4181.711036   412.210999
   115  2742.770305   414.773987
   116  2946.060547   417.341003
   117  3323.814135   419.907013
   118  3605.661724   422.471008
   119  3025.343230   425.035004
   120  4031.713397   427.610992
   121  2741.544035   430.161987
   122  3008.917513   432.721985
   123  2808.264255   435.273987
   124  3020.445055   437.822998
   125  3483.268080   440.372986
   126  3253.511315   442.880005
   127  4064.101759   445.419006
   128  4171.809115   447.929993
   129  4198.943153   450.428009
   130  3749.950975   452.917999
   131  3837.045422   455.391998
   132  3359.786484   457.868011
   133  4748.858772   460.313995
   134  3931.022861   462.748993
   135  2460.276214   465.190002
   136  3794.161126   467.580994
   137  3295.361542   469.971985
   138  4061.207234   472.334015
   139  3242.474637   474.681000
   140  4617.312261   477.010986
   141  4423.152889   479.299011
   142  4472.947051   481.588989
   143  3849.801570   483.838989
   144  3797.829141   486.075989
   145  4147.762021   488.285004
   146  3001.603201   490.480011
   147  4476.583476   492.634003
   148  4867.912005   494.769012
   149  3485.245773   496.873993
   150  5201.018376   498.959015
   151  4869.427238   501.003998
   152  4444.015526   503.020996
   153  4347.944088   505.013000
   154  4142.624284   506.962006
   155  5120.535010   508.889008
   156  4190.096150   510.779999
   157  3900.048559   512.635986
   158  2730.547217   514.445007
   159  3837.781396   516.234009
   160  4707.231650   517.979980
   161  3227.151006   519.693970
   162  3846.480937   521.356995
   163  4198.684031   522.995972
   164  4285.813343   524.585022
   165  4926.810437   526.140991
   166  4785.820813   527.658020
   167  4421.173311   529.119995
   168  5005.745718   530.557983
   169  4257.377164   531.932983
   170  5076.238201   533.294006
   171  4586.335606   534.580017
   172  4801.750085   535.846985
   173  5572.354299   537.054993
   174  4625.481332   538.216980
   175  4944.807745   539.338989
   176  5853.874582   540.403992
   177  4214.819439   541.434998
   178  5187.831897   542.409973
   179  5265.933591   543.336975
   180  4897.397986   544.218018
   181  5739.762189   545.047974
   182  4934.234265   545.840027
   183  5347.434090   546.578003
   184  5379.613540   547.250000
   185  6119.290582   547.890015
   186  4451.717082   548.473022
   187  4080.819416   549.005981
   188  4834.242335   549.484985
   189  5552.466945   549.905029
   190  5139.917041   550.286987
   191  4796.455311   550.599976
   192  5373.415085   550.872009
   193  5535.083232   551.096985
   194  5774.086927   551.254028
   195  6101.983871   551.375000
   196  5551.532781   551.434021
   197  5793.479051   551.460022
   198  5609.613337   551.413025
   199  5166.510939   551.312988
   200  4744.483238   551.169006
   201  5672.719945   550.960999
   202  5253.367332   550.713989
   203  4745.312852   550.392029
   204  5437.738480   550.033020
   205  5372.099956   549.619019
   206  4181.239407   549.151978
   207  4553.819721   548.629028
   208  5055.422559   548.060974
   209  5575.443838   547.440979
   210  6183.397830   546.773987
   211  5886.047920   546.038025
   212  5906.294235   545.262024
   213  6515.942026   544.432983
   214  4120.009589   543.557007
   215  5658.740816   542.614990
   216  5464.108118   541.629028
   217  5007.304347   540.591003
   218  5450.676863   539.507019
   219  5614.516355   538.367004
   220  6031.360526   537.174988
   221  5435.071079   535.937012
   222  5987.217202   534.645020
   223  5355.278107   533.314026
   224  5242.920554   531.922974
   225  5865.006284   530.497009
   226  5212.751576   529.010010
   227  5799.092889   527.492004
   228  5373.708380   525.911011
   229  6162.753609   524.301025
   230  5495.699996   522.630981
   231  4850.957081   520.924988
   232  5574.941384   519.166992
   233  6111.488715   517.366028
   234  4880.435961   515.521973
   235  5971.614332   513.637024
   236  5660.916098   511.709991
   237  6018.915357   509.730011
   238  5969.208557   507.716003
   239  5275.708406   505.661011
   240  4690.003966   503.565002
   241  5213.507444   501.429993
   242  6084.224979   499.252991
   243  4936.141022   497.042999
   244  6046.108107   494.790985
   245  5528.110821   492.502991
   246  5350.950982   490.183990
   247  4024.386416   487.820007
   248  4767.811118   485.425995
   249  5396.637669   482.997009
   250  4861.468603   480.528015
   251  4925.150256   478.036011
   252  5518.947000   475.500000
   253  4627.202040   472.940002
   254  5716.659891   470.342010
   255  4934.923641   467.717010
   256  5345.362104   465.065002
   257  4723.265214   462.381012
   258  5208.565972   459.670013
   259  5751.982550   456.931000
   260  4942.350657   454.169006
   261  4063.765138   451.381989
   262  5293.682015   448.566986
   263  5760.811932   445.727997
   264  5505.075771   442.867004
   265  4416.711455   439.985992
   266  5278.440112   437.075012
   267  4970.505848   434.148987
   268  4610.237647   431.200989
   269  5283.667361   428.233002
   270  5230.301917   425.248993
   271  5093.455520   422.243011
   272  4320.647308   419.223999
   273  5097.466189   416.184998
   274  4564.186246   413.135010
   275  4020.338361   410.069000
   276  4942.459249   406.989014
   277  3667.203326   403.895996
   278  4350.930451   400.794006
   279  4496.272754   397.675995
   280  4656.937034   394.549988
   281  4517.806668   391.412994
   282  4529.684114   388.269989
   283  4530.268081   385.117004
   284  4869.837455   381.955994
   285  4166.709775   378.787994
   286  3877.945117   375.617004
   287  4114.499642   372.441010
   288  4053.511948   369.260010
   289  4297.115392   366.074005
   290  4238.649297   362.886993
   291  4080.074224   359.697998
   292  3869.496848   356.506989
   293  4167.220226   353.316986
   294  3856.113864   350.123993
   295  4040.755031   346.933990
   296  4025.910690   343.744995
   297  4079.777100   340.561005
   298  3627.273706   337.377014
   299  3647.303367   334.196991
   300  3718.506140   331.023010
   301  3681.736205   327.855011
   302  4019.097443   324.691010
   303  3473.964999   321.533997
   304  4188.499963   318.384003
   305  3847.574744   315.243988
   306  3524.279353   312.109985
   307  3946.900716   308.988007
   308  3813.209778   305.872986
   309  3176.704798   302.770996
   310  3710.211266   299.682007
   311  3988.075021   296.602997
   312  3448.952518   293.535004
   313  3296.983625   290.481995
   314  3067.350344   287.442993
   315  3690.192632   284.420013
   316  2688.163690   281.410004
   317  3155.495190   278.416992
   318  3279.473432   275.441986
   319  3356.609756   272.483002
   320  3242.069044   269.542999
   321  3247.780530   266.619995
   322  3223.744992   263.717010
   323  3159.379098   260.833008
   324  2600.221619   257.970001
   325  3069.236079   255.126999
   326  3117.150532   252.304001
   327  3242.247466   249.505997
   328  3226.250430   246.727997
   329  2753.896727   243.975006
   330  3201.697502   241.242996
   331  2756.508147   238.537003
   332  2895.834248   235.854004
   333  2320.066516   233.195999
   334  3013.442255   230.565002
   335  2519.854445   227.959000
   336  2775.645819   225.380997
   337  2984.312847   222.830002
   338  2452.119275   220.304993
   339  2607.796069   217.809006
   340  2776.329452   215.341003
   341  2727.614479   212.901993
   342  2599.656760   210.492004
   343  2656.048663   208.110992
   344  2561.749477   205.759003
   345  2411.293612   203.438004
   346  2406.528947   201.147003
   347  2529.099409   198.886993
   348  2340.888809   196.658005
   349  2596.689430   194.460007
   350  2668.380576   192.294006
   351  2109.749835   190.160995
   352  2457.595215   188.059998
   353  2138.609782   185.990997
   354  2216.330398   183.955994
   355  2060.319908   181.953995
   356  2218.223294   179.985001
   357  2222.919546   178.050003
   358  2347.785729   176.147995
   359  1890.216219   174.279999
   360  2049.741395   172.445999
   361  1983.437387   170.645004
   362  2110.708798   168.878998
   363  2018.297782   167.147003
   364  2011.006031   165.449997
   365  2123.888655   163.785995
   366  1922.839246   162.158005
   367  1855.844941   160.563995
   368  1609.204991   159.005005
   369  2075.582905   157.481995
   370  2120.692616   155.992996
   371  1823.184878   154.539001
   372  1904.962207   153.119995
   373  1926.001771   151.737000
   374  1907.718573   150.388000
   375  1843.968019   149.072998
   376  1992.086981   147.794006
   377  1966.733130   146.548996
   378  1669.339878   145.337997
   379  1935.969437   144.162003
   380  1792.931395   143.020004
   381  1835.948714   141.912994
   382  1948.789594   140.839005
   383  1623.912638   139.800003
   384  1713.384193   138.794998
   385  1994.606555   137.824005
   386  1938.762787   136.886993
   387  1806.116647   135.983002
   388  1755.617651   135.113998
   389  1812.740015   134.276993
   390  1824.241173   133.473999
   391  1770.541112   132.703003
   392  1745.507488   131.964005
   393  1631.292870   131.257996
   394  1828.065092   130.582993
   395  1732.689271   129.940994
   396  1834.188580   129.328995
   397  1551.045992   128.748001
   398  1388.837037   128.197006
   399  1641.940149   127.678001
   400  1811.847177   127.188004
   401  1667.782060   126.727997
   402  1806.352439   126.296997
   403  1697.377679   125.894997
   404  1782.346851   125.523003
   405  1690.134594   125.179001
   406  1452.742576   124.862000
   407  1546.383846   124.573997
   408  1525.023692   124.311996
   409  1622.132942   124.077003
   410  1702.815942   123.867996
   411  1524.343808   123.684998
   412  1534.726126   123.528000
   413  1590.674497   123.394997
   414  1543.742554   123.287003
   415  1518.483031   123.202003
   416  1699.124781   123.140999
   417  1558.569087   123.102997
   418  1698.198000   123.088997
   419  1593.809546   123.096001
   420  1420.875475   123.125000
   421  1531.328429   123.175003
   422  1500.450352   123.246002
   423  1782.285527   123.337997
   424  1609.110344   123.448997
   425  1809.801745   123.580002
   426  1711.506024   123.728996
   427  1580.339292   123.897003
   428  1764.841892   124.082001
   429  1687.533269   124.285004
   430  1685.330487   124.504997
   431  1685.070076   124.740997
   432  1756.794918   124.992996
   433  1809.987823   125.260002
   434  1742.643783   125.542000
   435  1729.784547   125.837997
   436  1856.458205   126.149002
   437  1825.022886   126.473000
   438  1804.133642   126.809998
   439  1593.941293   127.160004
   440  1980.511777   127.522003
   441  1695.385605   127.894997
   442  1667.911537   128.279999
   443  1672.454590   128.675003
   444  1863.770756   129.080002
   445  1859.892011   129.494003
   446  1733.656248   129.917999
   447  1693.755157   130.350006
   448  1884.658146   130.791000
   449  1623.830320   131.238998
   450  1980.049456   131.694000
   451  2014.090389   132.154999
   452  1708.616546   132.623993
   453  1930.178117   133.097000
   454  1972.976323   133.576004
   455  1733.312299   134.059998
   456  2142.159651   134.548996
   457  2021.983765   135.041000
   458  2041.286596   135.537003
   459  1955.319258   136.035995
   460  1997.446431   136.537994
   461  2101.737455   137.042007
   462  2062.556811   137.548996
   463  1810.555344   138.056000
   464  2143.928774   138.565002
   465  2057.227256   139.074005
   466  2002.425132   139.584000
   467  1842.325409   140.093994
   468  2157.265312   140.604004
   469  2225.481698   141.112000
   470  2178.941677   141.619995
   471  1991.156861   142.125000
   472  2018.076287   142.630005
   473  2301.608108   143.130997
   474  2110.550189   143.630005
   475  2037.425787   144.126007
   476  2169.476100   144.619003
   477  2237.373563   145.108002
   478  2012.696001   145.593002
   479  2134.312173   146.072998
   480  2423.843512   146.548996
   481  2113.809175   147.018997
   482  2092.642501   147.483994
   483  2214.451720   147.942993
   484  2221.030834   148.395996
   485  2167.900142   148.843002
   486  2257.367686   149.281998
   487  2247.267362   149.714996
   488  2389.882712   150.139999
   489  2168.636034   150.556000
   490  2276.737538   150.964996
   491  2308.581911   151.365997
   492  2637.369630   151.757996
   493  2146.474494   152.141006
   494  2193.210247   152.514999
   495  2458.486399   152.880005
   496  2258.474161   153.235001
   497  2010.356931   153.580994
   498  2188.132971   153.917007
   499  2281.877465   154.242996
   500  2380.537089   154.557999
   501  2278.239620   154.863007
   502  2191.289258   155.156998
   503  1966.062444   155.440002
   504  2355.692695   155.712006
   505  2033.173218   155.972000
   506  2530.565814   156.220993
   507  2396.404660   156.457001
   508  2344.049497   156.682999
   509  2419.315729   156.895996
   510  2191.503021   157.097000
   511  2244.195283   157.287003
   512  2427.473138   157.464005
   513  2303.004000   157.628006
   514  2533.673780   157.781006
   515  2362.041542   157.921005
   516  2296.701439   158.048004
   517  2492.921226   158.162994
   518  2334.204712   158.264999
   519  2515.274396   158.354004
   520  2543.747570   158.429993
   521  2455.385415   158.492996
   522  2329.021376   158.544006
   523  2541.254647   158.580994
   524  2706.314722   158.604996
   525  2401.756017   158.615997
   526  2444.915558   158.604996
   527  2357.282438   158.589996
   528  2672.775605   158.561996
   529  2464.960829   158.520996
   530  2207.172875   158.466995
   531  2597.801975   158.399002
   532  2609.353827   158.319000
   533  2592.675253   158.225998
   534  2790.019685   158.119995
   535  2501.853104   158.001007
   536  2193.475792   157.869003
   537  2367.568642   157.725006
   538  2709.941552   157.567993
   539  2496.660540   157.397995
   540  2297.380170   157.205002
   541  2382.981293   157.009003
   542  2576.521071   156.802002
   543  2227.085913   156.582001
   544  2489.780353   156.350006
   545  2522.398648   156.106003
   546  2628.193579   155.850006
   547  2654.119300   155.582993
   548  2260.023695   155.302994
   549  2325.915400   155.013000
   550  2212.298084   154.712006
   551  2604.786207   154.399002
   552  2272.337278   154.074997
   553  2287.639882   153.740997
   554  2500.444188   153.395996
   555  2635.067264   153.041000
   556  2520.642107   152.675003
   557  2564.162166   152.298996
   558  2598.491147   151.914001
   559  2604.249306   151.518005
   560  2196.255395   151.113007
   561  2411.650572   150.699005
   562  2432.946191   150.276001
   563  2537.716409   149.843002
   564  2415.908288   149.401993
   565  2436.992678   148.951996
   566  2494.989958   148.494003
   567  2458.083264   148.028000
   568  2521.923799   147.552994
   569  2514.219215   147.070999
   570  2236.361408   146.597000
   571  2204.693270   146.100006
   572  2407.049598   145.595993
   573  2513.103592   145.085007
   574  2527.995014   144.567993
   575  2230.616542   144.044006
   576  2621.010824   143.514008
   577  2297.343749   142.977997
   578  2342.122695   142.436005
   579  2195.128670   141.889008
   580  2137.473136   141.335999
   581  2211.616501   140.778000
   582  2255.273346   140.216003
   583  2414.126429   139.667007
   584  2414.382434   139.097000
   585  2119.842103   138.522003
   586  2146.145812   137.945007
   587  2284.116307   137.363998
   588  1960.253011   136.779999
   589  2181.832694   136.192993
   590  2400.344810   135.602997
   591  2540.153417   135.011993
   592  2287.603357   134.417999
   593  2009.441828   133.822006
   594  2294.159257   133.225006
   595  2465.298322   132.626999
   596  2131.565265   132.028000
   597  1972.822080   131.427994
   598  2015.775093   130.826996
   599  2189.300339   130.225998
   600  2000.777342   129.625000
   601  1880.059916   129.024994
   602  2190.242277   128.425003
   603  2244.515508   127.825996
   604  2026.875050   127.227997
   605  2220.305358   126.632004
   606  1900.630771   126.037003
   607  1904.366854   125.443001
   608  1991.374981   124.851997
   609  1988.222459   124.264000
   610  2117.408283   123.678001
   611  2195.327463   123.094002
   612  2125.015787   122.514000
   613  1996.549865   121.936996
   614  1996.904221   121.363998
   615  2032.796758   120.793999
   616  1914.327744   120.227997
   617  2143.853156   119.667000
   618  1826.422423   119.110001
   619  1973.064306   118.556999
   620  1962.888117   118.010002
   621  1955.544801   117.467003
   622  1901.371338   116.930000
   623  2119.074515   116.398003
   624  1749.527422   115.873001
   625  2043.344746   115.352997
   626  2002.952994   114.838997
   627  1951.088014   114.332001
   628  1806.478067   113.831001
   629  2015.393425   113.336998
   630  1936.020177   112.849998
   631  1737.266014   112.370003
   632  1957.553515   111.897003
   633  2107.239270   111.431000
   634  1807.953264   110.973000
   635  1904.297682   110.523003
   636  1943.290141   110.080002
   637  2009.939195   109.646004
   638  1758.785246   109.219002
   639  1832.118233   108.802002
   640  1942.022144   108.391998
   641  1619.208685   107.990997
   642  1875.111387   107.599998
   643  1722.586217   107.217003
   644  1803.989148   106.843002
   645  1761.787635   106.477997
   646  1917.423523   106.123001
   647  1874.067030   105.776001
   648  1820.859882   105.440002
   649  1628.489460   105.112000
   650  2015.101380   104.793999
   651  1767.677966   104.486000
   652  1756.107055   104.186996
   653  1930.200258   103.899002
   654  1716.753842   103.620003
   655  1826.670585   103.350998
   656  1771.563875   103.093002
   657  1857.866794   102.844002
   658  1509.210247   102.606003
   659  1644.806160   102.376999
   660  1761.165616   102.160004
   661  1705.553555   101.952003
   662  1810.956943   101.754997
   663  1901.442395   101.568001
   664  1556.615453   101.391998
   665  1711.847131   101.225998
   666  1888.698899   101.070000
   667  1652.530542   100.925003
   668  1596.573915   100.790001
   669  1632.314853   100.665001
   670  1741.804229   100.551003
   671  1832.292515   100.446999
   672  1714.483229   100.353996
   673  1680.158418   100.271004
   674  1684.846228   100.197998
   675  1819.641700   100.136002
   676  1664.764007   100.084000
   677  1677.867845   100.042999
   678  1567.056958   100.012001
   679  1793.406783    99.989998
   680  1669.654398    99.978996
   681  1687.764671    99.977997
   682  1663.653042    99.987000
   683  1740.601205   100.005997
   684  1562.872681   100.033997
   685  1716.625540   100.071999
   686  1743.671000   100.119003
   687  1850.833663   100.175003
   688  1644.823252   100.240997
   689  1860.806401   100.317001
   690  1791.179924   100.401001
   691  1701.169340   100.494003
   692  1849.574946   100.596001
   693  1861.123389   100.707001
   694  1666.356183   100.827003
   695  1803.622944   100.955002
   696  1797.877998   101.091003
   697  1961.631758   101.236000
   698  1532.730864   101.389000
   699  1800.157955   101.550003
   700  1981.866939   101.719002
   701  1677.207972   101.896004
   702  1822.671663   102.080002
   703  1648.986584   102.271004
   704  1745.940239   102.470001
   705  1987.448266   102.676003
   706  1855.584139   102.889000
   707  1808.851939   103.109001
   708  1640.330750   103.335999
   709  1817.564799   103.569000
   710  1794.669104   103.808998
   711  1712.757260   104.055000
   712  1792.783088   104.307999
   713  1914.026893   104.566002
   714  1958.688126   104.830002
   715  1916.050692   105.098999
   716  1867.037352   105.373001
   717  1961.707042   105.653000
   718  1788.778886   105.936996
   719  1857.057414   106.225998
   720  1918.998478   106.519997
   721  1887.006703   106.817001
   722  2028.493580   107.119003
   723  2024.521291   107.425003
   724  1973.567959   107.734001
   725  1960.414452   108.045998
   726  2000.072583   108.362000
   727  1956.591269   108.681000
   728  2198.612892   109.001999
   729  1911.969409   109.325996
   730  2141.916910   109.653000
   731  1956.168056   109.982002
   732  2015.762447   110.313004
   733  1909.542339   110.644997
   734  1865.926808   110.980003
   735  1989.056413   111.316002
   736  1867.938337   111.653000
   737  2125.895385   111.990997
   738  1957.828760   112.330002
   739  2072.927742   112.669998
   740  2155.898882   113.010002
   741  1923.573722   113.350998
   742  2134.117812   113.692001
   743  2071.894071   114.031998
   744  2051.519594   114.373001
   745  1968.065508   114.712997
   746  2444.545126   115.052002
   747  2108.470229   115.389999
   748  2119.899232   115.727997
   749  2137.235090   116.064003
   750  1930.908503   116.398003
   751  2109.513362   116.731003
   752  2279.806065   117.061996
   753  1973.139932   117.390999
   754  2355.718905   117.718002
   755  2017.041739   118.042999
   756  2181.880469   118.363998
   757  2152.914896   118.682999
   758  2000.212790   118.999001
   759  2257.753265   119.310997
   760  2023.382867   119.620003
   761  2143.558333   119.925003
   762  2177.744120   120.226997
   763  2305.506714   120.524002
   764  2280.528798   120.818001
   765  2435.180366   121.107002
   766  2183.327498   121.390999
   767  2192.976227   121.671997
   768  2207.231614   121.947998
   769  2526.954427   122.218002
   770  2261.444404   122.484001
   771  2278.749311   122.744003
   772  2127.949441   122.999001
   773  2295.184360   123.248001
   774  2161.770808   123.490997
   775  2249.791463   123.728996
   776  2387.179043   123.959999
   777  2361.186299   124.184998
   778  2301.132949   124.403999
   779  2279.894448   124.616997
   780  2115.902916   124.821999
   781  2382.744476   125.021004
   782  2204.571783   125.212997
   783  2430.226719   125.399002
   784  2384.784919   125.577003
   785  2310.234955   125.748001
   786  2006.155032   125.912003
   787  2392.048608   126.068001
   788  2273.113204   126.217003
   789  2568.836829   126.358002
   790  2414.444664   126.496002
   791  2275.843818   126.628998
   792  2533.425236   126.753998
   793  2539.596527   126.871002
   794  2448.871189   126.980003
   795  2482.166546   127.080002
   796  2379.995340   127.171997
   797  2498.306836   127.254997
   798  2480.604420   127.330002
   799  2452.540235   127.396004
   800  2238.584337   127.453003
   801  2531.764218   127.501999
   802  2524.185100   127.542000
   803  2401.013771   127.572998
   804  2238.358936   127.595001
   805  2330.944144   127.608002
   806  2497.322386   127.612999
   807  2931.194740   127.608002
   808  2349.618344   127.594002
   809  2316.283416   127.570999
   810  2536.015184   127.539001
   811  2408.950822   127.498001
   812  2326.534536   127.446999
   813  2376.045897   127.387001
   814  2344.272718   127.318001
   815  2359.571424   127.238998
   816  2376.990220   127.152000
   817  2397.265403   127.055000
   818  2746.501039   126.948997
   819  2441.909302   126.834000
   820  2360.819241   126.709000
   821  2246.853471   126.575996
   822  2543.154853   126.432999
   823  2250.226473   126.280998
   824  2367.651208   126.120003
   825  2406.427173   125.949997
   826  2242.890685   125.771004
   827  2402.479468   125.583000
   828  2533.814685   125.386002
   829  2363.496182   125.180000
   830  2258.429585   124.966003
   831  2399.421681   124.742996
   832  2337.173289   124.511002
   833  2342.722419   124.268997
   834  2201.944573   124.019997
   835  2411.487018   123.761002
   836  2233.014018   123.494003
   837  2451.962355   123.218002
   838  2162.796256   122.932999
   839  2463.218461   122.639999
   840  2241.139380   122.338997
   841  2135.313125   122.028999
   842  2324.999918   121.710999
   843  2406.801590   121.384003
   844  2236.765870   121.049004
   845  2487.602483   120.705002
   846  2107.557081   120.353996
   847  2380.229838   119.994003
   848  2162.072488   119.625999
   849  2274.638138   119.250999
   850  2319.692382   118.867996
   851  2310.799773   118.477997
   852  2218.592316   118.080002
   853  2159.026823   117.675003
   854  2108.473590   117.262001
   855  2189.936614   116.843002
   856  2225.024504   116.417000
   857  2231.354055   115.984001
   858  2203.964634   115.543999
   859  2243.244879   115.098000
   860  2254.667950   114.646004
   861  2289.298081   114.186996
   862  2229.827712   113.722000
   863  2005.309554   113.250999
   864  2359.141195   112.774002
   865  2086.985787   112.292000
   866  2443.775752   111.803001
   867  2046.631354   111.309998
   868  2182.880426   110.814003
   869  2270.456847   110.316002
   870  2146.722922   109.813004
   871  2073.712524   109.305000
   872  2016.629740   108.792000
   873  2161.904168   108.275002
   874  2296.563695   107.752998
   875  2125.005127   107.225998
   876  2203.040901   106.695999
   877  2031.398968   106.163002
   878  2108.705215   105.626999
   879  2114.125362   105.087997
   880  2086.792198   104.543999
   881  1977.836342   103.998001
   882  1759.078741   103.447998
   883  1732.958383   102.894997
   884  1759.607475   102.338997
   885  1940.104412   101.779999
   886  2063.864553   101.218002
   887  1868.978452   100.653999
   888  2025.238366   100.087997
   889  1965.270634    99.518997
   890  1921.969742    98.947998
   891  1887.733765    98.375999
   892  2016.676981    97.801003
   893  1931.738350    97.225998
   894  1897.876978    96.648003
   895  1731.777212    96.069000
   896  1706.669996    95.489998
   897  2046.185309    94.908997
   898  1880.543598    94.327003
   899  1839.291941    93.745003
   900  1680.965549    93.162003
   901  1762.624021    92.579002
   902  1696.411584    91.995003
   903  1887.700223    91.412003
   904  1880.661555    90.828003
   905  1715.898480    90.245003
   906  1733.015774    89.662003
   907  1693.172101    89.079002
   908  1671.954647    88.497002
   909  1748.728655    87.916000
   910  1775.345310    87.335999
   911  1680.753646    86.757004
   912  1629.883681    86.180000
   913  1590.497681    85.602997
   914  1591.856811    85.028999
   915  1597.269965    84.455002
   916  1677.030151    83.884003
   917  1672.553591    83.315002
   918  1572.814573    82.748001
   919  1586.512325    82.182999
   920  1589.049715    81.620003
   921  1645.324015    81.059998
   922  1508.891965    80.502998
   923  1547.644904    79.947998
   924  1581.841977    79.396004
   925  1574.736748    78.848000
   926  1659.946584    78.302002
   927  1597.963604    77.760002
   928  1408.458542    77.222000
   929  1389.957452    76.686996
   930  1557.430822    76.155998
   931  1507.835335    75.627998
   932  1388.015948    75.105003
   933  1469.911173    74.585999
   934  1355.741380    74.070999
   935  1387.126079    73.559998
   936  1424.038832    73.053001
   937  1471.805887    72.551003
   938  1306.014734    72.054001
   939  1447.023683    71.560997
   940  1437.977107    71.072998
   941  1311.445367    70.588997
   942  1373.676878    70.110001
   943  1221.662974    69.637001
   944  1393.302857    69.167999
   945  1355.816509    68.705002
   946  1272.125557    68.247002
   947  1324.855835    67.793999
   948  1177.440219    67.346001
   949  1306.681343    66.903999
   950  1265.690073    66.468002
   951  1229.733241    66.037003
   952  1400.765829    65.611000
   953  1281.112517    65.192001
   954  1232.453095    64.778000
   955  1246.660107    64.370003
   956  1342.301938    63.967999
   957  1280.187434    63.571999
   958  1211.983317    63.181999
   959  1220.192235    62.799000
   960  1127.148661    62.421001
   961  1148.175138    62.049999
   962  1102.397360    61.685001
   963  1253.911389    61.326000
   964  1209.054231    60.973999
   965  1217.377109    60.629002
   966  1099.469112    60.290001
   967  1235.387525    59.957001
   968  1170.598072    59.632000
   969  1047.297323    59.312000
   970  1184.938699    59.000000
   971  1250.064047    58.694000
   972  1152.824184    58.394001
   973  1195.644806    58.101002
   974  1094.990252    57.814999
   975  1085.165775    57.535999
   976  1201.419878    57.263000
   977  1075.479641    56.995998
   978  1176.758217    56.737000
   979  1117.182982    56.484001
   980   968.112035    56.237000
   981  1036.995649    55.998001
   982  1114.162571    55.764999
   983  1198.375848    55.537998
   984  1066.710620    55.319000
   985  1133.297891    55.105999
   986   978.435893    54.898998
   987   970.001845    54.699001
   988   967.351285    54.506001
   989  1031.778047    54.319000
   990   978.898797    54.139000
   991  1014.885194    53.965000
   992  1016.820972    53.798000
   993  1021.333631    53.637001
   994  1086.340790    53.481998
   995  1126.662921    53.334000
   996  1008.908856    53.192001
   997  1044.822717    53.056999
   998  1046.043934    52.928001
   999   960.089713    52.805000
  1000  1037.627130    52.688999
  1001  1015.536885    52.577999
  1002  1041.863279    52.473999
  1003  1019.060370    52.375999
  1004  1004.114866    52.283001
  1005   894.863368    52.196999
  1006   991.257968    52.116001
  1007   978.539551    52.041000
  1008  1033.368485    51.972000
  1009   994.593661    51.908001
  1010   976.183975    51.849998
  1011   798.296941    51.797001
  1012   986.825691    51.749001
  1013  1041.428232    51.706001
  1014   926.609225    51.668999
  1015   911.015437    51.637001
  1016   938.468528    51.610001
  1017   992.168004    51.588001
  1018   997.882988    51.570000
  1019  1011.951995    51.557999
  1020   962.931381    51.549999
  1021   933.834271    51.546001
  1022   990.413157    51.547001
  1023  1013.630567    51.553001
  1024   984.110845    51.562000
  1025   923.894329    51.576000
  1026  1034.893159    51.594002
  1027  1057.009326    51.617001
  1028  1107.696856    51.643002
  1029  1051.826543    51.673000
  1030   974.171456    51.707001
  1031   973.647222    51.743999
  1032  1022.989087    51.785000
  1033  1076.847467    51.830002
  1034  1041.007390    51.876999
  1035   987.189288    51.929001
  1036  1011.170299    51.983002
  1037  1051.683101    52.041000
  1038  1013.752230    52.101002
  1039   971.568006    52.164001
  1040   966.124645    52.230999
  1041  1082.480621    52.299000
  1042   988.337273    52.370998
  1043  1048.472717    52.445000
  1044  1095.624914    52.521000
  1045   910.129876    52.598999
  1046   942.479635    52.680000
  1047  1054.020728    52.763000
  1048  1060.438730    52.847000
  1049  1013.923796    52.933998
  1050   999.491362    53.021999
  1051  1058.806028    53.112000
  1052  1065.101975    53.202999
  1053  1052.868394    53.296001
  1054  1000.298437    53.389999
  1055  1063.160652    53.486000
  1056  1044.459366    53.582001
  1057  1078.511367    53.680000
  1058  1056.728955    53.778999
  1059  1041.452741    53.877998
  1060  1043.640502    53.978001
  1061  1080.160930    54.078999
  1062  1041.856197    54.181000
  1063   990.315350    54.282001
  1064  1107.655459    54.384998
  1065  1152.068382    54.487000
  1066  1067.712136    54.590000
  1067  1052.382734    54.692001
  1068   921.749835    54.794998
  1069  1159.305209    54.896999
  1070  1062.754946    54.999001
  1071  1099.276569    55.101002
  1072  1121.881648    55.202999
  1073  1044.150054    55.304001
  1074  1002.633993    55.404999
  1075  1190.374465    55.505001
  1076  1041.203009    55.604000
  1077  1070.515327    55.702000
  1078  1057.920401    55.799999
  1079  1084.063775    55.896999
  1080  1136.678495    55.992001
  1081  1167.518126    56.087002
  1082  1134.870035    56.180000
  1083  1014.698779    56.271999
  1084  1203.770714    56.362999
  1085  1130.933268    56.452000
  1086  1146.933346    56.540001
  1087  1115.266519    56.625999
  1088  1057.142031    56.710999
  1089  1058.664512    56.793999
  1090  1168.175103    56.875000
  1091  1140.350744    56.953999
  1092  1054.608650    57.032001
  1093  1160.737442    57.108002
  1094  1202.227050    57.181000
  1095  1170.759099    57.252998
  1096  1180.267873    57.323002
  1097  1147.435474    57.389999
  1098  1193.654819    57.455002
  1099  1199.303446    57.518002
  1100  1160.000134    57.578999
  1101  1100.963661    57.637001
  1102  1131.531997    57.693001
  1103  1215.621379    57.745998
  1104  1170.868480    57.797001
  1105  1262.690598    57.845001
  1106  1087.198972    57.889999
  1107  1195.533016    57.932999
  1108  1171.865160    57.973999
  1109  1141.430226    58.012001
  1110  1201.333920    58.047001
  1111  1237.102906    58.078999
  1112  1099.774224    58.108002
  1113  1174.912796    58.134998
  1114  1163.457858    58.159000
  1115  1194.609479    58.180000
  1116  1237.956323    58.198002
  1117  1163.390342    58.213001
  1118  1145.656684    58.226002
  1119  1162.187735    58.235001
  1120  1223.477291    58.241001
  1121  1149.793687    58.243999
  1122  1214.931004    58.244999
  1123  1178.897771    58.242001
  1124  1116.954122    58.236000
  1125  1173.057645    58.227001
  1126  1123.808686    58.215000
  1127  1289.445794    58.201000
  1128  1220.383636    58.182999
  1129  1167.005904    58.162998
  1130  1249.673489    58.139999
  1131  1136.716955    58.113998
  1132  1170.128077    58.084999
  1133  1237.042411    58.053001
  1134  1092.433764    58.016998
  1135  1137.279551    57.978001
  1136  1145.192540    57.936001
  1137  1168.452944    57.890999
  1138  1080.969806    57.842999
  1139  1201.503936    57.791000
  1140  1102.436076    57.736000
  1141  1115.893125    57.676998
  1142  1181.759728    57.616001
  1143  1124.201441    57.549999
  1144  1119.799382    57.481998
  1145  1189.934872    57.410999
  1146  1258.677474    57.335999
  1147  1173.349256    57.257999
  1148  1189.480638    57.178001
  1149  1172.632708    57.094002
  1150  1153.035399    57.007000
  1151  1149.769724    56.917000
  1152  1180.078675    56.824001
  1153  1156.027800    56.728001
  1154  1080.837667    56.631001
  1155  1133.334294    56.529999
  1156  1129.231398    56.425999
  1157  1125.817469    56.320000
  1158  1139.549610    56.210999
  1159  1122.235546    56.098999
  1160  1085.156276    55.984001
  1161  1201.862504    55.867001
  1162  1061.147249    55.747002
  1163   968.925073    55.624001
  1164  1114.458966    55.498001
  1165  1103.282988    55.369999
  1166  1070.520838    55.240002
  1167  1194.240071    55.106998
  1168  1171.236160    54.971001
  1169  1151.997225    54.833000
  1170  1101.174214    54.692001
  1171  1260.358207    54.549999
  1172  1171.209769    54.403999
  1173  1023.831207    54.257000
  1174  1193.186835    54.106998
  1175  1129.973717    53.955002
  1176  1122.026786    53.800999
  1177  1056.280241    53.645000
  1178  1150.528713    53.487000
  1179  1098.972686    53.327000
  1180  1066.741862    53.165001
  1181  1081.257480    53.000999
  1182  1096.503798    52.834999
  1183  1058.687942    52.667999
  1184  1031.864100    52.499001
  1185  1049.849279    52.327999
  1186  1093.314161    52.154999
  1187  1075.645854    51.980999
  1188  1019.245119    51.805000
  1189  1039.517635    51.627998
  1190  1026.273992    51.449001
  1191  1105.576432    51.270000
  1192  1007.842731    51.089001
  1193  1064.595520    50.905998
  1194   993.155371    50.723000
  1195  1039.124723    50.537998
  1196  1078.968753    50.382000
  1197   970.219855    50.195000
  1198   971.688890    51.257000
  1199   958.744460    51.055000
  1200   933.526816    50.921001
  1201  1005.845445    50.716999
  1202  1084.429008    50.513000
  1203   957.299892    50.306999
  1204   970.375270    50.102001
  1205   893.947182    49.896000
  1206  1024.185365    49.688999
  1207   960.770298    49.481998
  1208  1053.738389    49.275002
  1209   932.753005    49.067001
  1210  1047.770780    48.859001
  1211   982.344285    48.652000
  1212   935.794666    48.444000
  1213   936.165461    48.236000
  1214   947.466525    48.028000
  1215  1016.891052    47.820999
  1216   996.140514    47.613998
  1217   951.965918    47.407001
  1218   933.196367    47.200001
  1219   913.643938    46.993999
  1220   854.550346    46.787998
  1221   891.884872    46.583000
  1222   921.869467    46.379002
  1223   901.753571    46.174999
  1224   841.693768    45.971001
  1225   953.139935    45.769001
  1226   911.223504    45.567001
  1227   877.908384    45.367001
  1228   954.560170    45.167000
  1229   946.101519    44.967999
  1230   840.695273    44.770000
  1231   848.141308    44.574001
  1232   911.916979    44.377998
  1233   810.498563    44.183998
  1234   893.490832    43.991001
  1235   847.371762    43.799999
  1236   879.057314    43.609001
  1237   850.288714    43.421001
  1238   817.809472    43.234001
  1239   826.746708    43.048000
  1240   825.135562    42.863998
  1241   863.656791    42.681999
  1242   866.983889    42.500999
  1243   787.452022    42.321999
  1244   909.370961    42.145000
  1245   816.991986    41.970001
  1246   759.404865    41.796001
  1247   859.882554    41.625000
  1248   821.313291    41.455002
  1249   784.991566    41.286999
  1250   791.738419    41.122002
  1251   843.758044    40.959000
  1252   802.924888    40.797001
  1253   699.071291    40.638000
  1254   793.120568    40.480999
  1255   799.579051    40.326000
  1256   773.240119    40.174000
  1257   757.804736    40.023998
  1258   673.412984    39.875999
  1259   739.283836    39.730999
  1260   713.800574    39.588001
  1261   791.333161    39.446999
  1262   725.022752    39.308998
  1263   755.036529    39.173000
  1264   828.908734    39.040001
  1265   748.950537    38.909000
  1266   807.478828    38.779999
  1267   763.739940    38.654999
  1268   686.011565    38.530998
  1269   765.706603    38.410999
  1270   714.818982    38.292999
  1271   782.413245    38.176998
  1272   699.701842    38.064999
  1273   757.968802    37.955002
  1274   735.554583    37.847000
  1275   690.756758    37.742001
  1276   704.327466    37.639999
  1277   727.536788    37.541000
  1278   662.366574    37.444000
  1279   684.072231    37.349998
  1280   706.924798    37.258999
  1281   749.349483    37.169998
  1282   732.945785    37.084000
  1283   690.318076    37.000999
  1284   746.931054    36.919998
  1285   770.273735    36.841999
  1286   675.546025    36.766998
  1287   675.572000    36.694000
  1288   746.098269    36.625000
  1289   754.281171    36.557999
  1290   712.301386    36.493000
  1291   741.773379    36.431999
  1292   680.252564    36.372002
  1293   736.572918    36.316002
  1294   681.242107    36.262001
  1295   644.733931    36.210999
  1296   753.381392    36.162998
  1297   648.878449    36.117001
  1298   671.253856    36.073002
  1299   638.225519    36.032001
  1300   707.107828    35.993999
  1301   624.519446    35.958000
  1302   682.875338    35.924999
  1303   730.948018    35.894001
  1304   710.788084    35.866001
  1305   703.193046    35.840000
  1306   644.742896    35.817001
  1307   670.485789    35.796001
  1308   694.715138    35.777000
  1309   734.439869    35.761002
  1310   699.376054    35.747002
  1311   620.292980    35.735001
  1312   653.563200    35.726002
  1313   695.216251    35.719002
  1314   694.206402    35.714001
  1315   590.859844    35.710999
  1316   680.227419    35.709999
  1317   695.051649    35.712002
  1318   710.799833    35.715000
  1319   663.047265    35.721001
  1320   658.742437    35.728001
  1321   641.070327    35.737999
  1322   700.024802    35.749001
  1323   663.575519    35.763000
  1324   669.705489    35.778000
  1325   707.392808    35.794998
  1326   660.997908    35.813999
  1327   687.956806    35.834000
  1328   678.547673    35.856998
  1329   717.524900    35.881001
  1330   694.770354    35.905998
  1331   711.909059    35.933998
  1332   681.235629    35.962002
  1333   700.940308    35.992001
  1334   664.029109    36.023998
  1335   757.255287    36.056999
  1336   688.618911    36.091999
  1337   650.172500    36.127998
  1338   666.895639    36.165001
  1339   718.860437    36.202999
  1340   661.323367    36.243000
  1341   716.864171    36.283001
  1342   693.950743    36.325001
  1343   672.417712    36.368000
  1344   696.387327    36.411999
  1345   629.333722    36.457001
  1346   775.124575    36.502998
  1347   697.939237    36.549999
  1348   781.193600    36.597000
  1349   751.943199    36.646000
  1350   707.284417    36.695000
  1351   732.288007    36.744999
  1352   710.298518    36.794998
  1353   730.259799    36.846001
  1354   714.298411    36.897999
  1355   715.590888    36.950001
  1356   707.717970    37.002998
  1357   756.034991    37.056000
  1358   776.032074    37.110001
  1359   684.382117    37.162998
  1360   696.305071    37.217999
  1361   789.178226    37.271999
  1362   741.153419    37.327000
  1363   793.036041    37.381001
  1364   741.706780    37.436001
  1365   803.177168    37.491001
  1366   754.274245    37.546001
  1367   720.470971    37.601002
  1368   722.728446    37.655998
  1369   738.898333    37.710999
  1370   731.687902    37.764999
  1371   729.464152    37.820000
  1372   756.963082    37.874001
  1373   752.719855    37.928001
  1374   730.220100    37.980999
  1375   739.322543    38.035000
  1376   765.496271    38.088001
  1377   763.101512    38.139999
  1378   823.421012    38.192001
  1379   736.247310    38.243000
  1380   784.602739    38.293999
  1381   721.829886    38.344002
  1382   787.758547    38.394001
  1383   791.371259    38.443001
  1384   724.697944    38.491001
  1385   782.409231    38.537998
  1386   773.335692    38.584999
  1387   804.211911    38.631001
  1388   832.882165    38.675999
  1389   728.467588    38.720001
  1390   724.498337    38.763000
  1391   805.438733    38.805000
  1392   794.713467    38.846001
  1393   806.029458    38.886002
  1394   759.917259    38.925999
  1395   762.486831    38.963001
  1396   790.080654    39.000000
  1397   711.941009    39.035999
  1398   723.005866    39.070999
  1399   745.267711    39.104000
  1400   790.300251    39.136002
  1401   810.726119    39.167000
  1402   796.928004    39.195999
  1403   803.052506    39.224998
  1404   771.114859    39.250999
  1405   694.796954    39.277000
  1406   750.881287    39.300999
  1407   781.057081    39.324001
  1408   766.767490    39.345001
  1409   850.833182    39.365002
  1410   794.819407    39.382999
  1411   814.457262    39.400002
  1412   802.401068    39.415001
  1413   753.243980    39.429001
  1414   799.921503    39.441002
  1415   762.778630    39.451000
  1416   827.379307    39.459999
  1417   795.794117    39.467999
  1418   751.159065    39.473999
  1419   734.315819    39.478001
  1420   800.758632    39.480000
  1421   757.057119    39.480999
  1422   795.948421    39.480999
  1423   740.555643    39.478001
  1424   767.259336    39.473999
  1425   814.219930    39.467999
  1426   773.588668    39.460999
  1427   728.366684    39.452000
  1428   825.772363    39.441002
  1429   744.179676    39.428001
  1430   715.537598    39.414001
  1431   702.049451    39.397999
  1432   767.025581    39.380001
  1433   754.934942    39.360001
  1434   773.138892    39.339001
  1435   787.332264    39.316002
  1436   783.497496    39.291000
  1437   694.183281    39.264999
  1438   803.124023    39.236000
  1439   741.091449    39.206001
  1440   773.031525    39.174000
  1441   715.408980    39.140999
  1442   820.871750    39.105999
  1443   767.032872    39.068001
  1444   744.890340    39.029999
  1445   798.914789    38.988998
  1446   796.546372    38.946999
  1447   734.685833    38.903000
  1448   746.983467    38.856998
  1449   823.309920    38.810001
  1450   741.229987    38.761002
  1451   713.574058    38.709999
  1452   796.509149    38.658001
  1453   765.172555    38.604000
  1454   752.015944    38.548000
  1455   809.330192    38.491001
  1456   683.976196    38.431999
  1457   800.451874    38.370998
  1458   803.745141    38.308998
  1459   749.743511    38.245998
  1460   776.000192    38.180000
  1461   739.973085    38.112999
  1462   714.328933    38.044998
  1463   728.653791    37.974998
  1464   674.990851    37.903999
  1465   852.435137    37.831001
  1466   696.131819    37.757000
  1467   752.306330    37.681000
  1468   771.576247    37.604000
  1469   739.669596    37.525002
  1470   692.124637    37.445000
  1471   724.238692    37.363998
  1472   679.649920    37.282001
  1473   671.009563    37.198002
  1474   678.785299    37.112000
  1475   721.234191    37.026001
  1476   729.615532    36.938000
  1477   742.299657    36.848999
  1478   620.634596    36.758999
  1479   683.568581    36.667999
  1480   754.634038    36.576000
  1481   671.884837    36.481998
  1482   698.833169    36.387001
  1483   666.623779    36.292000
  1484   703.092072    36.195000
  1485   710.669823    36.097000
  1486   675.018325    35.999001
  1487   745.809028    35.898998
  1488   644.769506    35.798000
  1489   730.363823    35.696999
  1490   654.598278    35.595001
  1491   600.471171    35.491001
  1492   730.650802    35.387001
  1493   670.797023    35.283001
  1494   705.289303    35.176998
  1495   681.066572    35.070999
  1496   704.263476    34.964001
  1497   646.216678    34.855999
  1498   614.077931    34.748001
  1499   657.815775    34.639000
  1500   707.101022    34.529999
  1501   641.502603    34.419998
  1502   619.891483    34.308998
  1503   682.112653    34.198002
  1504   622.821933    34.087002
  1505   644.256565    33.974998
  1506   603.870664    33.862999
  1507   742.235346    33.750999
  1508   619.229144    33.638000
  1509   594.592360    33.525002
  1510   667.558963    33.411999
  1511   621.122060    33.298000
  1512   599.909114    33.185001
  1513   633.151183    33.070999
  1514   683.953410    32.957001
  1515   589.981623    32.842999
  1516   567.473858    32.729000
  1517   637.998704    32.613998
  1518   595.905658    32.500000
  1519   610.927263    32.386002
  1520   610.539360    32.271999
  1521   605.576154    32.157001
  1522   564.759127    32.042999
  1523   612.069273    31.929001
  1524   583.959494    31.816000
  1525   540.345953    31.702000
  1526   607.731450    31.587999
  1527   574.507787    31.475000
  1528   525.477512    31.362000
  1529   534.729078    31.250000
  1530   620.815060    31.136999
  1531   573.886685    31.025000
  1532   563.512018    30.914000
  1533   554.567181    30.802000
  1534   511.292795    30.691000
  1535   571.345284    30.580999
  1536   548.852041    30.471001
  1537   621.992916    30.362000
  1538   524.249115    30.253000
  1539   585.374701    30.143999
  1540   537.501896    30.037001
  1541   557.225390    29.930000
  1542   507.003456    29.823000
  1543   495.824721    29.716999
  1544   551.845910    29.612000
  1545   554.227868    29.507999
  1546   497.396358    29.403999
  1547   485.272709    29.301001
  1548   503.440931    29.198999
  1549   524.585318    29.097000
  1550   467.737841    28.997000
  1551   549.554057    28.896999
  1552   494.779685    28.798000
  1553   465.373046    28.700001
  1554   507.146557    28.601999
  1555   480.659856    28.506001
  1556   471.671132    28.410999
  1557   505.329402    28.316999
  1558   490.540731    28.223000
  1559   450.233840    28.131001
  1560   494.580858    28.039000
  1561   485.270490    27.948999
  1562   487.589861    27.860001
  1563   499.721573    27.771999
  1564   474.679876    27.684000
  1565   510.930198    27.598000
  1566   519.549573    27.513000
  1567   467.241249    27.430000
  1568   473.202578    27.347000
  1569   471.596456    27.264999
  1570   439.495484    27.184999
  1571   423.560581    27.106001
  1572   472.511931    27.028000
  1573   456.372483    26.951000
  1574   417.887662    26.875000
  1575   404.117037    26.801001
  1576   437.161167    26.728001
  1577   451.610870    26.656000
  1578   423.420872    26.584999
  1579   431.430126    26.516001
  1580   372.421376    26.447001
  1581   401.322892    26.379999
  1582   409.576423    26.315001
  1583   433.964944    26.250999
  1584   430.177984    26.188000
  1585   433.002312    26.125999
  1586   456.713779    26.065001
  1587   422.739483    26.006001
  1588   450.955747    25.948000
  1589   406.715312    25.892000
  1590   479.756818    25.837000
  1591   399.683000    25.783001
  1592   384.176413    25.730000
  1593   419.003796    25.679001
  1594   424.388164    25.629000
  1595   421.394524    25.580999
  1596   414.560038    25.533001
  1597   395.994710    25.488001
  1598   402.523776    25.443001
  1599   382.441582    25.400000
  1600   412.892344    25.358000
  1601   400.096110    25.316999
  1602   388.109090    25.278000
  1603   410.566234    25.240000
  1604   372.615333    25.202999
  1605   408.247360    25.167999
  1606   385.905322    25.134001
  1607   401.046931    25.101000
  1608   348.871265    25.070000
  1609   397.555842    25.040001
  1610   396.113131    25.011000
  1611   377.733766    24.983000
  1612   386.351116    24.957001
  1613   373.310035    24.931999
  1614   397.021976    24.908001
  1615   377.849817    24.886000
  1616   407.852929    24.865000
  1617   339.514209    24.844999
  1618   361.753640    24.826000
  1619   388.152070    24.809000
  1620   346.824993    24.792000
  1621   366.185771    24.777000
  1622   370.683375    24.763000
  1623   366.107556    24.750999
  1624   399.703642    24.739000
  1625   347.508697    24.729000
  1626   384.913773    24.719999
  1627   403.357872    24.712000
  1628   380.357130    24.705000
  1629   357.251453    24.698999
  1630   307.522476    24.694000
  1631   395.924110    24.690001
  1632   362.446795    24.688000
  1633   321.983139    24.686001
  1634   396.483501    24.686001
  1635   370.488634    24.687000
  1636   321.816799    24.688000
  1637   349.930808    24.691000
  1638   336.098830    24.694000
  1639   388.736796    24.698999
  1640   350.982936    24.705000
  1641   317.507630    24.711000
  1642   354.987687    24.718000
  1643   353.784406    24.726999
  1644   400.934143    24.736000
  1645   341.456342    24.746000
  1646   359.761940    24.757000
  1647   417.734012    24.768999
  1648   391.543100    24.782000
  1649   384.531245    24.795000
  1650   370.077286    24.809999
  1651   392.495854    24.825001
  1652   333.443694    24.841000
  1653   354.068689    24.857000
  1654   392.138509    24.874001
  1655   378.025830    24.892000
  1656   383.992487    24.910999
  1657   362.328148    24.931000
  1658   352.107664    24.951000
  1659   344.833481    24.971001
  1660   404.127908    24.993000
  1661   448.628641    25.014000
  1662   374.281776    25.037001
  1663   383.043565    25.059999
  1664   360.622656    25.084000
  1665   401.575884    25.108000
  1666   363.770151    25.132000
  1667   368.849799    25.158001
  1668   368.731498    25.183001
  1669   381.933355    25.209000
  1670   379.444010    25.236000
  1671   367.216578    25.263000
  1672   345.325459    25.290001
  1673   334.839643    25.318001
  1674   331.076391    25.346001
  1675   405.941439    25.374001
  1676   369.686840    25.403000
  1677   359.421875    25.431999
  1678   398.610513    25.462000
  1679   361.556978    25.490999
  1680   362.120693    25.521000
  1681   367.348014    25.551001
  1682   387.627931    25.582001
  1683   359.844891    25.613001
  1684   376.193763    25.643000
  1685   339.416590    25.674000
  1686   349.445315    25.705999
  1687   412.135962    25.737000
  1688   364.949629    25.768000
  1689   386.782213    25.799999
  1690   390.934026    25.832001
  1691   364.672573    25.863001
  1692   401.124225    25.895000
  1693   367.416499    25.927000
  1694   327.153719    25.959000
  1695   361.521935    25.990999
  1696   404.363602    26.023001
  1697   333.007273    26.055000
  1698   414.428735    26.087000
  1699   368.395217    26.118999
  1700   346.666210    26.150000
  1701   400.816304    26.181999
  1702   398.844038    26.214001
  1703   410.374617    26.245001
  1704   426.442495    26.277000
  1705   404.473583    26.308001
  1706   369.855998    26.339001
  1707   376.003928    26.370001
  1708   416.721622    26.400999
  1709   417.181844    26.431999
  1710   362.446955    26.462000
  1711   371.364163    26.493000
  1712   359.443882    26.523001
  1713   393.030101    26.552999
  1714   312.702754    26.582001
  1715   329.602895    26.612000
  1716   365.250980    26.641001
  1717   331.168375    26.670000
  1718   366.724913    26.698000
  1719   314.302441    26.726999
  1720   344.477827    26.754999
  1721   368.751219    26.783001
  1722   327.823050    26.809999
  1723   400.886637    26.837000
  1724   393.379057    26.864000
  1725   394.374408    26.889999
  1726   390.490002    26.917000
  1727   385.692583    26.941999
  1728   387.769405    26.968000
  1729   394.670745    26.993000
  1730   356.799646    27.018000
  1731   419.054249    27.042000
  1732   366.820220    27.066000
  1733   321.103487    27.090000
  1734   353.405781    27.113001
  1735   381.589984    27.136000
  1736   427.825418    27.158001
  1737   379.139327    27.180000
  1738   374.592904    27.202000
  1739   363.943592    27.223000
  1740   366.186855    27.243999
  1741   388.760168    27.264000
  1742   340.649551    27.284000
  1743   391.148343    27.302999
  1744   377.078357    27.322001
  1745   368.308569    27.341000
  1746   332.535037    27.358999
  1747   342.104404    27.377001
  1748   370.866719    27.393999
  1749   334.988668    27.410999
  1750   384.678123    27.427999
  1751   416.730619    27.444000
  1752   402.313871    27.459999
  1753   361.733290    27.475000
  1754   379.046738    27.489000
  1755   376.083736    27.504000
  1756   388.336838    27.518000
  1757   339.630586    27.531000
  1758   356.615176    27.544001
  1759   375.016115    27.556999
  1760   364.503692    27.569000
  1761   394.397311    27.580999
  1762   363.437961    27.591999
  1763   344.375965    27.603001
  1764   355.541501    27.613001
  1765   376.033872    27.624001
  1766   357.709854    27.632999
  1767   377.555844    27.642000
  1768   358.954709    27.650999
  1769   401.786418    27.660000
  1770   347.116838    27.667999
  1771   355.672907    27.676001
  1772   411.158849    27.683001
  1773   334.395177    27.690001
  1774   336.269453    27.695999
  1775   346.288294    27.702999
  1776   329.411641    27.709000
  1777   344.975030    27.714001
  1778   377.959035    27.719000
  1779   363.128467    27.724001
  1780   389.334444    27.729000
  1781   350.689088    27.733000
  1782   386.638080    27.737000
  1783   361.435635    27.740000
  1784   332.183558    27.743000
  1785   314.969368    27.746000
  1786   348.023766    27.749001
  1787   371.509173    27.750999
  1788   308.615159    27.753000
  1789   392.804249    27.754999
  1790   320.505593    27.757000
  1791   357.623697    27.757999
  1792   344.797021    27.759001
  1793   307.647878    27.760000
  1794   365.131784    27.760000
  1795   296.489556    27.761000
  1796   358.157703    27.761000
  1797   342.849346    27.761000
  1798   341.237218    27.761000
  1799   329.627067    27.760000
  1800   395.438625    27.760000
  1801   339.480508    27.759001
  1802   370.357206    27.757999
  1803   341.630738    27.757000
  1804   294.820337    27.756001
  1805   339.290596    27.754000
  1806   309.656584    27.753000
  1807   364.478698    27.750999
  1808   326.531530    27.749001
  1809   361.081823    27.747999
  1810   338.551900    27.746000
  1811   347.190283    27.743999
  1812   336.466311    27.742001
  1813   365.750971    27.740000
  1814   324.942762    27.738001
  1815   317.996838    27.736000
  1816   351.373414    27.733999
  1817   293.641260    27.731001
  1818   308.409918    27.729000
  1819   337.451329    27.726999
  1820   325.277217    27.725000
  1821   343.745588    27.723000
  1822   349.660892    27.721001
  1823   353.050075    27.719000
  1824   290.487933    27.716999
  1825   308.846020    27.715000
  1826   301.066315    27.714001
  1827   318.257885    27.712000
  1828   332.979221    27.709999
  1829   280.693514    27.709000
  1830   329.315417    27.707001
  1831   267.100896    27.705999
  1832   292.998454    27.705000
  1833   303.022235    27.704000
  1834   313.370842    27.704000
  1835   298.264928    27.702999
  1836   279.817161    27.702999
  1837   285.144000    27.702000
  1838   275.803977    27.702000
  1839   313.053536    27.702999
  1840   280.503039    27.702999
  1841   317.308605    27.704000
  1842   316.504102    27.705000
  1843   278.770850    27.705999
  1844   334.757669    27.707001
  1845   264.462467    27.709000
  1846   288.577121    27.711000
  1847   234.865718    27.712999
  1848   295.346802    27.716000
  1849   289.638362    27.719000
  1850   285.896650    27.722000
  1851   269.237539    27.725000
  1852   262.926900    27.729000
  1853   286.369400    27.733000
  1854   281.624515    27.738001
  1855   288.737576    27.743000
  1856   268.517165    27.747999
  1857   275.688257    27.754000
  1858   283.219214    27.760000
  1859   282.259964    27.766001
  1860   297.354323    27.773001
  1861   300.508132    27.780001
  1862   275.528710    27.787001
  1863   287.401739    27.795000
  1864   301.206158    27.804001
  1865   251.434036    27.813000
  1866   244.980616    27.822001
  1867   260.999149    27.832001
  1868   254.588897    27.841999
  1869   308.669300    27.853001
  1870   259.702578    27.864000
  1871   238.174338    27.875000
  1872   254.172962    27.886999
  1873   234.699927    27.900000
  1874   277.570936    27.913000
  1875   274.776484    27.926001
  1876   290.455742    27.940001
  1877   219.439813    27.955000
  1878   241.550058    27.969999
  1879   251.622436    27.985001
  1880   268.329858    28.000999
  1881   261.725447    28.018000
  1882   223.711347    28.035000
  1883   270.227549    28.052000
  1884   285.840328    28.070999
  1885   240.137082    28.089001
  1886   191.476308    28.108000
  1887   260.000340    28.128000
  1888   246.381293    28.148001
  1889   250.987425    28.169001
  1890   229.296172    28.191000
  1891   238.505035    28.212000
  1892   254.014517    28.235001
  1893   271.907307    28.257999
  1894   253.834375    28.282000
  1895   244.180231    28.306000
  1896   219.242542    28.330999
  1897   249.111905    28.356001
  1898   277.052343    28.382000
  1899   232.062705    28.408001
  1900   250.961523    28.434999
  1901   204.679458    28.462999
  1902   251.706321    28.490999
  1903   223.967006    28.520000
  1904   279.132992    28.549000
  1905   256.082032    28.579000
  1906   228.238467    28.608999
  1907   209.046807    28.641001
  1908   234.936102    28.672001
  1909   194.522633    28.704000
  1910   314.157278    28.737000
  1911   254.825429    28.770000
  1912   216.661276    28.804001
  1913   241.876132    28.839001
  1914   236.751855    28.874001
  1915   159.377133    28.910000
  1916   219.999480    28.945999
  1917   213.073548    28.983000
  1918   223.988797    29.020000
  1919   249.217834    29.058001
  1920   225.504072    29.096001
  1921   209.155357    29.135000
  1922   194.469706    29.174999
  1923   239.104835    29.215000
  1924   221.441310    29.256001
  1925   155.907819    29.297001
  1926   221.667596    29.339001
  1927   174.922087    29.381001
  1928   178.362441    29.424000
  1929   227.949483    29.468000
  1930   220.363324    29.511999
  1931   234.915620    29.556000
  1932   185.429116    29.601000
  1933   208.707163    29.646999
  1934   264.379814    29.693001
  1935   223.577414    29.740000
  1936   238.040936    29.787001
  1937   166.883991    29.834999
  1938   204.492569    29.882999
  1939   199.465124    29.931000
  1940   251.335476    29.981001
  1941   222.571767    30.030001
  1942   238.508185    30.080000
  1943   206.099642    30.131001
  1944   202.822739    30.181999
  1945   212.597737    30.233999
  1946   211.456946    30.285999
  1947   203.607367    30.337999
  1948   242.854198    30.391001
  1949   233.304924    30.445000
  1950   242.494332    30.499001
  1951   208.831131    30.552999
  1952   168.056742    30.608000
  1953   155.857782    30.663000
  1954   204.622062    30.719000
  1955   276.196745    30.775000
  1956   254.215441    30.832001
  1957   239.537215    30.889000
  1958   188.736537    30.945999
  1959   176.244629    31.004000
  1960   213.728564    31.062000
  1961   230.416314    31.120001
  1962   286.090911    31.179001
  1963   199.245358    31.239000
  1964   258.678769    31.298000
  1965   197.015635    31.358000
  1966   233.638026    31.419001
  1967   177.405716    31.480000
  1968   238.334605    31.541000
  1969   208.300124    31.601999
  1970   198.342257    31.664000
  1971   151.783314    31.726000
  1972   153.431631    31.789000
  1973   271.138371    31.851999
  1974   220.415258    31.915001
  1975   185.428993    31.978001
  1976   232.786319    32.042000
  1977   222.101417    32.105999
  1978   235.292163    32.169998
  1979   139.194659    32.235001
  1980   283.760512    32.299999
  1981   262.777819    32.365002
  1982   206.637726    32.431000
  1983   218.572412    32.495998
  1984   228.580882    32.562000
  1985   188.854792    32.629002
  1986   213.437807    32.695000
  1987   149.038164    32.762001
  1988   264.851884    32.828999
  1989   200.241045    32.896000
  1990   177.756359    32.963001
  1991   178.489578    33.030998
  1992   140.577564    33.098999
  1993   189.944506    33.167000
  1994   193.284564    33.235001
  1995   153.863754    33.310001
  1996   230.231788    33.377998
  1997   184.211943    35.195999
  1998   240.623698    35.264999
  1999   252.242542    35.384998
  2000   168.590690    35.453999
  2001   200.678074    35.522999
  2002   267.310658    35.592999
  2003   174.358245    35.661999
  2004   255.459451    35.731998
  2005   178.216098    35.801998
  2006   185.975338    35.872002
  2007   250.616980    35.942001
  2008   201.439828    36.013000
  2009   195.552862    36.083000
  2010   134.752649    36.153999
  2011   231.679388    36.223999
  2012   245.129090    36.294998
  2013   174.026337    36.366001
  2014   192.494068    36.437000
  2015   176.966049    36.507999
  2016   219.968791    36.578999
  2017   226.264919    36.650002
  2018   240.602116    36.721001
  2019   294.838946    36.792999
  2020   177.301609    36.863998
  2021   198.023965    36.936001
  2022   172.015389    37.007000
  2023   191.640653    37.078999
  2024   243.821054    37.151001
  2025   185.141401    37.222000
  2026   216.220422    37.293999
  2027   245.295964    37.366001
  2028   215.443923    37.438000
  2029   196.500829    37.509998
  2030   238.097699    37.582001
  2031   259.379293    37.653999
  2032   230.008960    37.726002
  2033   191.909959    37.798000
  2034   167.781462    37.869999
  2035   158.561970    37.942001
  2036   242.200396    38.014000
  2037   201.970060    38.085999
  2038   253.656767    38.159000
  2039   262.307054    38.230999
  2040   223.573945    38.303001
  2041   199.243395    38.375000
  2042   137.351691    38.448002
  2043   199.200157    38.520000
  2044   280.420081    38.591999
  2045   236.580767    38.664001
  2046   192.087807    38.737000
  2047   199.191085    38.808998
  2048   196.731366    38.881001
  2049   218.374596    38.953999
  2050   297.919750    39.026001
  2051   284.457497    39.098999
  2052   232.363621    39.171001
  2053   217.052719    39.243000
  2054   205.972708    39.316002
  2055   248.395619    39.388000
  2056   203.949337    39.459999
  2057   172.990984    39.533001
  2058   217.754234    39.605000
  2059   216.195001    39.678001
  2060   200.092785    39.750000
  2061   264.786338    39.821999
  2062   161.067635    39.895000
  2063   196.600730    39.966999
  2064   227.167944    40.040001
  2065   175.860274    40.112000
  2066   147.635420    40.185001
  2067   243.360893    40.257000
  2068   226.533484    40.330002
  2069   198.604282    40.402000
  2070   251.013016    40.474998
  2071   222.280394    40.547001
  2072   145.445350    40.619999
  2073   164.101792    40.693001
  2074   310.833401    40.764999
  2075   217.900520    40.838001
  2076   208.976737    40.910999
  2077   149.378339    40.983002
  2078   156.025970    41.056000
  2079   146.817047    41.129002
  2080   163.576848    41.202000
  2081   190.736028    41.273998
  2082   175.785266    41.347000
  2083   162.980731    41.419998
  2084   128.815921    41.493000
  2085   197.530640    41.566002
  2086   210.377052    41.639999
  2087   175.740613    41.713001
  2088   190.852678    41.785999
  2089   208.472626    41.859001
  2090   184.641848    41.932999
  2091   114.720815    42.006001
  2092   178.193325    42.078999
  2093   155.699440    42.153000
  2094   242.539487    42.227001
  2095   244.973512    42.299999
  2096   133.612852    42.374001
  2097   199.063339    42.448002
  2098   228.826178    42.521999
  2099   189.859033    42.596001
  2100   166.956678    42.671001
  2101   190.483369    42.744999
  2102   219.392423    42.819000
  2103   231.408434    42.894001
  2104   242.862512    42.969002
  2105   166.276639    43.042999
  2106   174.835156    43.118000
  2107   111.964307    43.193001
  2108   155.296471    43.269001
  2109   204.984888    43.344002
  2110   252.837730    43.419998
  2111   187.003174    43.494999
  2112   206.171897    43.570999
  2113   244.260442    43.646999
  2114   194.638032    43.723000
  2115   121.651978    43.799000
  2116   150.622994    43.875999
  2117   168.479269    43.952000
  2118   180.125699    44.028999
  2119    95.664589    44.105999
  2120   267.458594    44.182999
  2121   236.489145    44.261002
  2122   147.493898    44.338001
  2123   163.808312    44.416000
  2124    83.895681    44.493999
  2125   152.126018    44.571999
  2126   108.360327    44.651001
  2127   143.321771    44.729000
  2128   143.251600    44.807999
  2129   240.680227    44.887001
  2130   190.868505    44.966999
  2131   170.216832    45.046001
  2132   180.767490    45.125999
  2133   234.610150    45.206001
  2134   168.108255    45.285999
  2135   195.482758    45.367001
  2136   140.270591    45.448002
  2137   167.386893    45.528999
  2138   188.657037    45.611000
  2139   118.391636    45.692001
  2140   111.386554    45.773998
  2141   147.214532    45.856998
  2142   202.617978    45.938999
  2143   105.175756    46.021999
  2144   194.552200    46.105000
  2145   104.667516    46.188999
  2146   206.959023    46.272999
  2147   198.009457    46.356998
  2148   201.525898    46.441002
  2149   194.259580    46.526001
  2150   203.186561    46.611000
  2151   214.841607    46.696999
  2152   149.586507    46.783001
  2153   167.538076    46.868999
  2154   127.780640    46.955002
  2155   126.644363    47.042000
  2156   233.436528    47.130001
  2157   155.507816    47.216999
  2158   124.394031    47.305000
  2159   129.686767    47.394001
  2160    98.869959    47.481998
  2161   153.960546    47.571999
  2162   174.450830    47.660999
  2163   191.128740    47.750999
  2164   142.827510    47.841000
  2165   222.675481    47.931999
  2166   178.658039    48.022999
  2167   174.317714    48.115002
  2168   138.730530    48.207001
  2169   175.994588    48.299000
  2170   183.930116    48.391998
  2171   115.246211    48.485001
  2172    95.486527    48.578999
  2173    93.916187    48.673000
  2174   110.796259    48.766998
  2175   153.946952    48.862000
  2176   154.541928    48.958000
  2177   217.341094    49.054001
  2178   232.574799    49.150002
  2179    74.956907    49.247002
  2180   237.430300    49.344002
  2181   260.218031    49.442001
  2182    94.689322    49.540001
  2183   210.606801    49.638000
  2184   108.875849    49.737999
  2185   176.401303    49.837002
  2186   177.158115    49.937000
  2187    21.922724    50.037998
  2188    70.871325    50.139000
  2189   121.803308    50.240002
  2190   135.528417    50.341999
  2191   150.325200    50.445000
  2192   133.084293    50.548000
  2193   193.782415    50.651001
  2194   123.696681    50.755001
  2195   120.293422    50.860001
  2196   101.173269    50.965000
  2197    95.088754    51.070000
  2198   250.725383    51.176998
  2199    -1.293067    51.283001
  2200   200.470429    51.389999
  2201   149.973554    51.498001
  2202    84.154308    51.605999
  2203   216.527498    51.715000
  2204   175.187827    51.824001
  2205   134.544542    51.932999
  2206   202.910652    52.043999
  2207   150.161981    52.153999
  2208   152.956194    52.265999
  2209   134.078096    52.377998
  2210    81.071956    52.490002
  2211   145.225963    52.603001
  2212    90.939882    52.716000
  2213    90.479107    52.830002
  2214    46.941519    52.945000
  2215    92.891314    53.060001
  2216   197.011623    53.175999
  2217   223.661803    53.292000
  2218    35.943982    53.408001
  2219    88.035699    53.526001
  2220   112.517611    53.644001
  2221   117.862073    53.762001
  2222   196.180145    53.881001
  2223   116.673079    54.000000
  2224    54.815087    54.119999
  2225   162.230368    54.241001
  2226   163.830178    54.362000
  2227    10.952855    54.484001
  2228   102.416899    54.605999
  2229    64.054919    54.729000
  2230    47.950182    54.852001
  2231   200.886295    54.976002
  2232   180.624804    55.101002
  2233   178.356216    55.226002
  2234   117.639337    55.351002
  2235   150.079134    55.477001
  2236   156.988958    55.604000
  2237   142.845760    55.730999
  2238    82.642408    55.859001
  2239   220.605354    55.987000
  2240   143.586884    56.117001
  2241   133.621820    56.245998
  2242   184.328686    56.375999
  2243   132.346371    56.507000
  2244    90.928365    56.638000
  2245   226.660874    56.770000
  2246   115.144482    56.902000
  2247   130.814893    57.035000
  2248   117.916795    57.168999
  2249   176.787154    57.303001
  2250   188.121637    57.437000
  2251     3.174122    57.571999
  2252   128.357888    57.708000
  2253    18.251204    57.844002
  2254   147.276073    57.980999
  2255   118.086905    58.118000
  2256    71.643558    58.256001
  2257    74.028164    58.395000
  2258   254.212894    58.534000
  2259   144.179325    58.673000
  2260    84.101916    58.813999
  2261   170.601389    58.953999
  2262    70.326984    59.096001
  2263   188.509824    59.237000
  2264    24.019769    59.380001
  2265   154.619664    59.522999
  2266   196.482508    59.666000
  2267   161.357323    59.810001
  2268   217.431595    59.955002
  2269   158.039689    60.099998
  2270   117.307583    60.244999
  2271   116.052963    60.390999
  2272   133.227820    60.537998
  2273    57.006915    60.686001
  2274    69.137241    60.833000
  2275    89.924884    60.981998
  2276   112.036473    61.131001
  2277   120.770942    61.279999
  2278   196.749342    61.430000
  2279    65.428144    61.580002
  2280    24.186628    61.730999
  2281   110.879212    61.882999
  2282    81.071466    62.035000
  2283    37.129526    62.188000
  2284    52.696166    62.341000
  2285    62.310843    62.494999
  2286   123.547864    62.648998
  2287   218.802813    62.804001
  2288    80.358668    62.959000
  2289   126.174087    63.115002
  2290    29.089517    63.271000
  2291   216.139572    63.428001
  2292    16.127621    63.584999
  2293   186.159664    63.743000
  2294    59.306437    63.902000
  2295   102.630189    64.060997
  2296   141.349177    64.220001
  2297     5.176505    64.379997
  2298    88.773780    64.540001
  2299   123.302882    64.702003
  2300    61.312768    64.862999
  2301    12.256480    65.025002
  2302   185.456983    65.188004
  2303   179.848753    65.350998
  2304   124.290866    65.514000
  2305   134.994643    65.678001
  2306   233.740107    65.843002
  2307   119.338657    66.008003
  2308    99.081444    66.174004
  2309    70.231380    66.339996
  2310   148.011969    66.505997
  2311    97.502281    66.672997
  2312   106.732357    66.841003
  2313    12.037990    67.009003
  2314   168.048250    67.177002
  2315    29.643896    67.346001
  2316   142.770958    67.514999
  2317   180.799732    67.685997
  2318   179.033512    67.856003
  2319   137.828906    68.027000
  2320   124.853766    68.197998
  2321   -29.100454    68.371002
  2322   113.898952    68.542999
  2323   137.797090    68.717003
  2324   109.063836    68.889999
  2325    94.178028    69.064003
  2326   206.984306    69.238998
  2327   170.129267    69.414001
  2328    45.847197    69.589996
  2329   116.250410    69.765999
  2330   189.762737    69.943001
  2331   232.186595    70.120003
  2332    55.548213    70.296997
  2333   183.527942    70.474998
  2334    23.193648    70.653999
  2335   140.190132    70.833000
  2336   296.150090    71.012001
  2337    99.697745    71.192001
  2338   113.833799    71.373001
  2339    58.436784    71.554001
  2340   102.124616    71.735001
  2341    18.101654    71.917000
  2342   156.568424    72.098999
  2343    86.078273    72.281998
  2344    68.822349    72.464996
  2345   110.146895    72.649002
  2346   109.484018    72.834000
  2347   118.073744    73.018997
  2348   191.212121    73.204002
  2349    54.408275    73.389999
  2350   192.422212    73.575996
  2351    37.430637    73.763000
  2352    78.628545    73.949997
  2353   139.714419    74.138000
  2354   133.629201    74.325996
  2355    62.481747    74.514999
  2356   -13.029250    74.704002
  2357    89.515927    74.893997
  2358   231.964418    75.084000
  2359    37.904113    75.274002
  2360    57.297236    75.464996
  2361    77.130243    75.657997
  2362   210.579794    75.849998
  2363   151.163586    76.042999
  2364   152.869934    76.236000
  2365   213.827506    76.430000
  2366   126.207409    76.624001
  2367   188.463383    76.819000
  2368    11.524930    77.014000
  2369   110.771189    77.209999
  2370    34.427079    77.405998
  2371    81.980014    77.602997
  2372    71.122495    77.800003
  2373   126.885238    77.998001
  2374   229.400864    78.195999
  2375   154.822689    78.394997
  2376    71.332231    78.594002
  2377    36.199513    78.794998
  2378    81.142838    78.994003
  2379   260.161987    79.195999
  2380   123.197931    79.397003
  2381   184.620567    79.598999
  2382   154.757334    79.801003
  2383    99.560737    80.003998
  2384   140.665128    80.208000
  2385   114.690748    80.411003
  2386   127.117262    80.613998
  2387   224.843829    80.820999
  2388   104.420452    81.025002
  2389   238.910530    81.233002
  2390   126.202738    81.438004
  2391    69.387108    81.647003
  2392    54.240159    81.855003
  2393   254.326195    82.063004
  2394   157.410702    82.272003
  2395   118.425615    82.481003
  2396   -20.831577    82.691002
  2397   102.191098    82.902000
  2398   113.630373    83.112999
  2399   274.173020    83.324997
  2400   135.536363    83.537003
  2401    84.368111    83.750000
  2402   108.228848    83.960999
  2403    62.722502    84.177002
  2404    56.193328    84.389999
  2405   154.435486    84.606003
  2406   153.100665    84.820999
  2407   193.124071    85.038002
  2408   134.840420    85.253998
  2409    97.481981    85.471001
  2410   159.525977    85.689003
  2411   152.381574    85.906998
  2412   167.741532    86.125999
  2413    20.056972    86.346001
  2414    22.397579    86.565002
  2415    87.822617    86.787003
  2416   129.542900    87.007004
  2417   155.870921    87.228996
  2418   134.601471    87.450996
  2419    94.050310    87.675003
  2420   190.235686    87.899002
  2421   237.805089    88.124001
  2422   -18.494198    88.349998
  2423   141.261181    88.575996
  2424    93.620889    88.802002
  2425   -25.608527    89.028999
  2426    50.352589    89.257004
  2427   -22.443986    89.485001
  2428    50.683551    89.712997
  2429   166.867583    89.943001
  2430   212.017489    90.172997
  2431    39.222715    90.403999
  2432   -63.886236    90.635002
  2433    51.880155    90.866997
  2434   -95.290221    91.099998
  2435    54.055432    91.333000
  2436    75.574291    91.567001
  2437   183.654745    91.801003
  2438   -45.348812    92.036003
  2439    42.222833    92.273003
  2440   293.561328    92.509003
  2441   272.530568    92.746002
  2442    62.238615    92.984001
  2443    28.993204    93.223000
  2444   173.825026    93.461998
  2445    94.034888    93.702003
  2446    87.274702    93.943001
  2447    15.142827    94.183998
  2448    41.000431    94.426003
  2449    78.134704    94.668999
  2450   -17.657861    94.912003
  2451    76.008687    95.155998
  2452   119.562846    95.401001
  2453    94.501445    95.647003
  2454   236.830271    95.891998
  2455   108.248276    96.139999
  2456    13.661606    96.387001
  2457   -91.953667    96.636002
  2458    96.761189    96.885002
  2459   -12.309132    97.135002
  2460    62.081366    97.386002
  2461   -11.722093    97.636002
  2462   242.403877    97.889000
  2463    71.398250    98.140999
  2464   165.107372    98.393997
  2465   180.402796    98.647003
  2466    81.079615    98.903999
  2467   131.125737    99.160004
  2468   -90.315903    99.416000
  2469   141.679664    99.672997
  2470    14.699967    99.931999
  2471   109.724147   100.191002
  2472   172.691947   100.449997
  2473   103.738059   100.709999
  2474    51.252524   100.970001
  2475    97.903544   101.232002
  2476    22.892494   101.496002
  2477  -116.625070   101.759003
  2478    -5.997151   102.024002
  2479   120.726064   102.289001
  2480    54.984025   102.553001
  2481    48.794497   102.820999
  2482    35.715807   103.087997
  2483    -2.340460   103.356003
  2484  -175.893242   103.623001
  2485    92.957797   103.894997
  2486   -49.970263   104.166000
  2487    -0.475773   104.435997
  2488     9.013748   104.709999
  2489    -8.958566   104.983002
  2490    35.131322   105.255997
  2491   199.966597   105.531998
  2492    99.902736   105.806000
  2493    97.307468   106.079002
  2494   130.287598   106.359001
  2495    69.831657   106.638000
  2496     3.838384   106.917999
  2497   120.341392   107.195999
  2498    96.828414   107.477997
  2499   177.577400   107.759003
  2500   250.685924   108.041000
  2501   192.065183   108.324997
  2502  -234.951802   108.608002
  2503    47.786036   108.892998
  2504   302.575245   109.179001
  2505   -11.510814   109.466003
  2506    30.092043   109.752998
  2507   258.574034   110.069000
  2508   157.650606   110.359001
