# Ell      ell*(ell+1)C_l/(2\pi)     err
    30     3.149194     3.393000
    31     5.728655     3.380000
    32     5.591534     3.368000
    33     4.777182     3.363000
    34    -1.792699     3.360000
    35     3.520471     3.361000
    36     0.314870     3.365000
    37     4.166794     3.371000
    38    -0.252055     3.381000
    39     3.884127     3.393000
    40     5.359604     3.408000
    41     1.006706     3.425000
    42    -2.796768     3.445000
    43    -0.491582     3.467000
    44     2.548637     3.491000
    45     3.175301     3.517000
    46    -3.640221     3.545000
    47     0.860922     3.575000
    48     2.535983     3.606000
    49    -0.124222     3.639000
    50    -7.140198     3.673000
    51     8.789563     3.709000
    52     7.304247     3.747000
    53    -1.906593     3.786000
    54    -1.986462     3.826000
    55    -1.120320     3.868000
    56    -1.779305     3.911000
    57     1.990009     3.955000
    58    -4.329860     4.001000
    59    -0.070637     4.049000
    60    -7.592184     4.097000
    61    -2.056529     4.147000
    62    -3.339617     4.198000
    63     3.933434     4.250000
    64    -2.864252     4.303000
    65    -3.368434     4.358000
    66    -4.856716     4.414000
    67    -4.178077     4.470000
    68    -1.130229     4.528000
    69     1.206616     4.587000
    70    -3.893137     4.647000
    71    -0.743398     4.708000
    72    -4.034082     4.769000
    73   -10.914870     4.832000
    74    -7.401037     4.895000
    75     1.924852     4.959000
    76    -3.257984     5.024000
    77   -14.328630     5.089000
    78    -8.759502     5.155000
    79   -10.909628     5.222000
    80    -8.444026     5.289000
    81    -7.820509     5.357000
    82    -5.452319     5.426000
    83   -20.817614     5.495000
    84    -2.176401     5.564000
    85   -17.518603     5.634000
    86    -2.344961     5.704000
    87   -15.970418     5.775000
    88   -13.181968     5.846000
    89    -5.586846     5.917000
    90   -15.358745     5.988000
    91    -7.838870     6.059000
    92   -30.458434     6.131000
    93    -9.526882     6.203000
    94   -21.205364     6.274000
    95   -20.427328     6.346000
    96   -16.845067     6.417000
    97   -18.779326     6.488000
    98   -15.286882     6.560000
    99   -18.524115     6.631000
   100   -27.111132     6.701000
   101   -14.084656     6.772000
   102   -27.313350     6.842000
   103   -32.405630     6.912000
   104   -29.336612     6.981000
   105   -31.947980     7.050000
   106   -27.697565     7.118000
   107   -34.475503     7.186000
   108   -20.547546     7.253000
   109   -35.576820     7.320000
   110   -29.740382     7.385000
   111   -23.026625     7.451000
   112   -41.384472     7.515000
   113   -49.191392     7.579000
   114   -27.992780     7.642000
   115   -32.663625     7.704000
   116   -26.385455     7.765000
   117   -30.041537     7.825000
   118   -35.995168     7.884000
   119   -32.626429     7.942000
   120   -28.336520     7.999000
   121   -20.611190     8.055000
   122   -33.436044     8.110000
   123   -41.165270     8.164000
   124   -39.885617     8.217000
   125   -34.925289     8.269000
   126   -45.158146     8.319000
   127   -32.370111     8.368000
   128   -35.209677     8.416000
   129   -26.314058     8.463000
   130   -30.676508     8.508000
   131   -42.447559     8.552000
   132   -53.046372     8.594000
   133   -32.333223     8.636000
   134   -42.431866     8.675000
   135   -36.484109     8.714000
   136   -43.324226     8.751000
   137   -39.113724     8.786000
   138   -41.632735     8.820000
   139   -36.105713     8.853000
   140   -64.414290     8.884000
   141   -43.371586     8.914000
   142   -47.588565     8.943000
   143   -48.935390     8.970000
   144   -38.389769     8.995000
   145   -42.664262     9.019000
   146   -35.360065     9.042000
   147   -37.597046     9.063000
   148   -56.154464     9.083000
   149   -38.281868     9.102000
   150   -41.691702     9.119000
   151   -47.185478     9.134000
   152   -43.900714     9.148000
   153   -55.796736     9.161000
   154   -47.548491     9.173000
   155   -40.789502     9.183000
   156   -61.249841     9.192000
   157   -36.252295     9.200000
   158   -35.016353     9.206000
   159   -48.742594     9.211000
   160   -34.984778     9.216000
   161   -41.047648     9.219000
   162   -30.873426     9.221000
   163   -61.960630     9.222000
   164   -25.659954     9.222000
   165   -39.048834     9.221000
   166   -57.216249     9.219000
   167   -35.887863     9.216000
   168   -39.518777     9.212000
   169   -44.577247     9.208000
   170   -37.948579     9.203000
   171   -39.609106     9.197000
   172   -42.317210     9.191000
   173   -44.173298     9.184000
   174   -41.398405     9.177000
   175   -25.009570     9.169000
   176   -38.506063     9.161000
   177   -59.930019     9.153000
   178   -20.091342     9.145000
   179   -41.927212     9.136000
   180   -42.146350     9.128000
   181   -37.878593     9.119000
   182   -31.414656     9.111000
   183   -45.987309     9.103000
   184   -29.050406     9.095000
   185   -26.647936     9.087000
   186   -22.538295     9.080000
   187   -29.974560     9.074000
   188   -20.628185     9.068000
   189   -34.144865     9.062000
   190   -27.045104     9.058000
   191   -21.968555     9.054000
   192   -37.078060     9.051000
   193   -22.740557     9.050000
   194   -15.653125     9.049000
   195   -22.628542     9.050000
   196   -10.864211     9.052000
   197   -31.220399     9.055000
   198   -12.143215     9.060000
   199   -17.173747     9.066000
   200    -3.216790     9.073000
   201    -1.254107     9.083000
   202   -10.232847     9.094000
   203     3.133019     9.106000
   204     0.256565     9.121000
   205   -15.722048     9.137000
   206    -8.053206     9.156000
   207     9.218154     9.176000
   208     5.280595     9.198000
   209     1.119466     9.223000
   210    -7.260189     9.249000
   211     4.720340     9.277000
   212     3.683322     9.308000
   213    -9.727091     9.341000
   214    16.721949     9.376000
   215    18.202837     9.413000
   216     7.596714     9.453000
   217    32.599016     9.494000
   218    18.545077     9.538000
   219    17.109018     9.584000
   220     6.698157     9.632000
   221    19.485992     9.682000
   222    23.348620     9.734000
   223    24.052182     9.789000
   224     0.835401     9.845000
   225    25.029207     9.904000
   226    19.769892     9.964000
   227    24.894363    10.027000
   228    12.664060    10.091000
   229    23.320593    10.157000
   230    33.065546    10.225000
   231    45.346102    10.295000
   232    30.125872    10.366000
   233    17.093606    10.440000
   234    20.581221    10.514000
   235    43.964198    10.590000
   236    32.876995    10.668000
   237    45.682779    10.747000
   238    32.140063    10.827000
   239    32.157874    10.908000
   240    32.543817    10.991000
   241    35.444726    11.074000
   242    54.122744    11.159000
   243    54.830774    11.244000
   244    76.130723    11.330000
   245    50.768805    11.417000
   246    59.762971    11.504000
   247    54.997464    11.592000
   248    39.686230    11.681000
   249    52.379763    11.770000
   250    73.061792    11.859000
   251    75.333366    11.949000
   252    84.403788    12.039000
   253    54.212020    12.129000
   254    61.490550    12.219000
   255    74.192261    12.309000
   256    89.090857    12.399000
   257    53.982070    12.488000
   258    57.039651    12.578000
   259    90.371352    12.667000
   260    65.310651    12.755000
   261    66.034341    12.843000
   262    75.783891    12.931000
   263    91.486083    13.018000
   264    45.156416    13.104000
   265    92.721070    13.189000
   266    85.995232    13.274000
   267    86.137480    13.358000
   268    70.892025    13.440000
   269    91.243975    13.522000
   270    71.684091    13.603000
   271    61.939150    13.683000
   272    96.123883    13.761000
   273   103.915197    13.838000
   274   109.539056    13.914000
   275    78.560148    13.989000
   276   101.111758    14.062000
   277    99.353563    14.134000
   278    94.105524    14.204000
   279    98.171621    14.273000
   280   115.748035    14.340000
   281    95.480875    14.406000
   282   112.416541    14.470000
   283    72.631290    14.532000
   284    84.042770    14.593000
   285   106.160981    14.652000
   286    95.805785    14.709000
   287    89.728010    14.764000
   288   132.847467    14.818000
   289    84.214141    14.869000
   290   122.455808    14.919000
   291   128.198534    14.967000
   292   108.921513    15.012000
   293    98.857845    15.056000
   294   101.357146    15.098000
   295   114.519867    15.137000
   296   115.852605    15.175000
   297   124.410950    15.211000
   298    99.674272    15.244000
   299   133.052293    15.276000
   300   102.230055    15.305000
   301   148.029318    15.332000
   302   104.824942    15.357000
   303   113.547564    15.380000
   304   127.358374    15.401000
   305   109.770649    15.420000
   306   126.888983    15.437000
   307   107.647359    15.451000
   308    87.688283    15.464000
   309   123.301428    15.474000
   310   106.476071    15.482000
   311   107.839399    15.488000
   312   111.773785    15.492000
   313   139.832914    15.494000
   314   123.233823    15.494000
   315   119.957607    15.491000
   316   107.447253    15.487000
   317   116.306024    15.481000
   318   111.478179    15.472000
   319    90.409236    15.462000
   320   150.354123    15.450000
   321   123.918795    15.435000
   322   135.409475    15.419000
   323    84.325962    15.401000
   324   118.445548    15.381000
   325    84.676832    15.359000
   326   119.400697    15.335000
   327   119.583374    15.310000
   328   110.128187    15.282000
   329   117.315182    15.253000
   330   119.030281    15.223000
   331    71.113150    15.190000
   332   100.311980    15.157000
   333   106.551141    15.121000
   334   104.442647    15.084000
   335    85.017524    15.046000
   336    69.919871    15.006000
   337   126.390530    14.965000
   338   143.300001    14.922000
   339    85.048670    14.878000
   340    90.861605    14.833000
   341    91.972392    14.787000
   342    77.582120    14.739000
   343   100.773799    14.690000
   344    93.170357    14.641000
   345   110.735194    14.590000
   346    79.528236    14.539000
   347    90.139467    14.486000
   348    94.789243    14.433000
   349    74.400034    14.379000
   350    65.476123    14.324000
   351    81.070101    14.269000
   352    93.163216    14.213000
   353    76.433429    14.157000
   354   129.614075    14.100000
   355    63.442729    14.042000
   356    80.844089    13.985000
   357    69.891215    13.927000
   358    51.459484    13.868000
   359    69.848569    13.810000
   360    59.085947    13.752000
   361    77.799956    13.693000
   362    69.670382    13.635000
   363    68.366188    13.576000
   364    86.940552    13.518000
   365    56.192633    13.460000
   366    71.684535    13.402000
   367    47.875843    13.344000
   368    55.793176    13.287000
   369    56.505026    13.230000
   370    58.713905    13.174000
   371    65.595972    13.118000
   372    60.199939    13.063000
   373    39.126225    13.009000
   374    57.296870    12.955000
   375    39.141067    12.902000
   376    46.068602    12.849000
   377    25.934790    12.798000
   378    47.741451    12.747000
   379    24.972268    12.698000
   380    58.271833    12.649000
   381    20.433838    12.601000
   382    26.013100    12.555000
   383    33.629204    12.509000
   384    27.054711    12.465000
   385    32.677187    12.422000
   386    31.585489    12.380000
   387    16.591403    12.339000
   388    21.861951    12.299000
   389     9.352303    12.261000
   390    15.569975    12.224000
   391    32.031920    12.188000
   392    27.816070    12.154000
   393     0.505585    12.121000
   394    11.272969    12.089000
   395     7.732272    12.058000
   396     9.278673    12.029000
   397    -0.493421    12.002000
   398     6.737100    11.975000
   399    -8.650147    11.950000
   400    -1.871160    11.926000
   401     9.866848    11.904000
   402    -7.017706    11.883000
   403   -24.574751    11.863000
   404   -20.542670    11.844000
   405     8.292381    11.827000
   406   -16.925147    11.811000
   407   -20.276501    11.796000
   408   -19.438699    11.782000
   409   -28.656710    11.770000
   410   -11.615815    11.758000
   411   -14.690216    11.748000
   412   -46.009309    11.738000
   413   -24.934902    11.730000
   414   -23.972721    11.722000
   415   -36.775544    11.716000
   416   -47.647632    11.710000
   417   -15.441918    11.706000
   418   -12.091535    11.702000
   419   -41.922243    11.698000
   420   -26.107915    11.696000
   421   -37.852536    11.694000
   422   -33.350359    11.693000
   423   -50.339433    11.692000
   424   -43.106084    11.692000
   425   -52.680803    11.693000
   426   -44.690863    11.694000
   427   -30.737345    11.695000
   428   -39.783444    11.697000
   429   -52.379762    11.699000
   430   -45.011710    11.701000
   431   -28.341347    11.703000
   432   -54.614835    11.706000
   433   -78.826535    11.709000
   434   -46.629862    11.712000
   435   -46.634543    11.715000
   436   -35.459701    11.718000
   437   -58.834338    11.721000
   438   -24.679921    11.723000
   439   -52.995261    11.726000
   440   -65.092769    11.729000
   441   -30.893788    11.732000
   442   -64.353079    11.734000
   443   -52.978048    11.736000
   444   -53.976362    11.738000
   445   -79.593550    11.740000
   446   -56.072211    11.741000
   447   -65.876273    11.742000
   448   -62.652967    11.743000
   449   -61.996007    11.744000
   450   -77.906472    11.744000
   451   -74.662665    11.743000
   452   -44.773283    11.742000
   453   -72.045601    11.741000
   454   -50.188654    11.740000
   455   -63.410341    11.737000
   456   -84.870446    11.735000
   457   -66.705275    11.732000
   458   -73.496298    11.728000
   459   -88.113011    11.724000
   460   -87.577452    11.720000
   461   -78.421520    11.715000
   462   -66.264011    11.710000
   463   -61.173066    11.704000
   464   -89.163762    11.697000
   465   -56.811042    11.691000
   466   -79.254139    11.683000
   467   -65.679985    11.676000
   468   -69.552822    11.668000
   469   -46.245023    11.659000
   470   -59.724587    11.650000
   471   -84.445079    11.641000
   472   -96.487421    11.631000
   473   -86.905628    11.621000
   474   -64.772644    11.611000
   475   -64.563885    11.600000
   476   -46.871188    11.589000
   477   -22.532670    11.577000
   478   -72.509734    11.566000
   479   -63.818935    11.554000
   480   -58.872238    11.542000
   481   -90.638408    11.530000
   482   -66.215184    11.517000
   483   -55.926094    11.505000
   484   -61.803324    11.492000
   485   -70.408911    11.479000
   486   -62.896475    11.467000
   487   -57.439762    11.454000
   488   -60.684408    11.441000
   489   -68.035774    11.428000
   490   -60.973527    11.415000
   491   -87.265472    11.403000
   492   -80.955666    11.390000
   493   -66.069971    11.378000
   494   -49.081025    11.366000
   495   -46.157397    11.354000
   496   -50.334426    11.343000
   497   -55.762270    11.331000
   498   -67.357969    11.321000
   499   -63.200750    11.310000
   500   -72.768278    11.300000
   501   -54.698759    11.290000
   502   -60.295858    11.281000
   503   -49.109275    11.266000
   504   -62.935306    11.258000
   505   -53.688354    10.697000
   506   -61.637578    10.684000
   507   -58.323437    10.665000
   508   -59.167166    10.654000
   509   -57.174367    10.643000
   510   -46.294217    10.634000
   511   -35.740501    10.625000
   512   -58.831026    10.617000
   513   -28.218968    10.609000
   514   -44.065161    10.603000
   515   -69.407964    10.598000
   516   -49.421619    10.594000
   517   -30.834252    10.591000
   518   -44.717813    10.588000
   519   -21.847781    10.587000
   520   -42.326921    10.587000
   521   -38.561930    10.588000
   522   -40.389804    10.590000
   523   -35.809990    10.593000
   524   -35.241586    10.597000
   525   -25.604072    10.602000
   526   -16.482034    10.607000
   527   -46.475651    10.615000
   528   -23.456618    10.624000
   529   -19.444675    10.633000
   530   -37.526582    10.644000
   531   -21.484911    10.656000
   532     3.506706    10.669000
   533    -5.832071    10.683000
   534   -34.026526    10.698000
   535    -7.665820    10.715000
   536   -28.079427    10.732000
   537   -37.018740    10.750000
   538   -33.100746    10.770000
   539   -14.172980    10.790000
   540    -4.023825    10.810000
   541   -15.422211    10.832000
   542    14.952613    10.856000
   543    -2.528085    10.880000
   544   -13.023994    10.905000
   545   -13.569166    10.931000
   546   -13.748751    10.958000
   547    -9.230993    10.986000
   548     1.427047    11.014000
   549     8.777645    11.043000
   550    11.413909    11.073000
   551    21.284032    11.104000
   552    11.114614    11.135000
   553    -4.299090    11.167000
   554     5.729912    11.199000
   555     5.476785    11.232000
   556     9.330983    11.266000
   557    -5.619596    11.300000
   558    22.881310    11.334000
   559    22.691038    11.369000
   560    15.019367    11.404000
   561    -6.512760    11.440000
   562    11.573446    11.476000
   563    19.908646    11.512000
   564     5.392557    11.549000
   565    24.141753    11.585000
   566    25.022315    11.622000
   567    28.468621    11.659000
   568    21.127509    11.696000
   569    22.425339    11.733000
   570    31.902234    11.772000
   571   -20.703504    11.809000
   572    16.944947    11.846000
   573    17.281486    11.883000
   574    10.891006    11.920000
   575    32.843224    11.957000
   576    18.110411    11.994000
   577    36.908198    12.030000
   578   -11.225513    12.067000
   579    13.389721    12.103000
   580    33.639440    12.139000
   581    24.144793    12.174000
   582    41.719115    12.210000
   583    32.715338    12.246000
   584    43.121138    12.281000
   585    23.654870    12.315000
   586    45.465158    12.349000
   587    10.174360    12.383000
   588    20.222238    12.416000
   589    15.539956    12.448000
   590    36.932183    12.480000
   591    46.603592    12.512000
   592    50.342549    12.543000
   593    24.714447    12.574000
   594    41.701860    12.605000
   595    35.294140    12.634000
   596    42.814123    12.664000
   597    41.814928    12.693000
   598    34.157833    12.721000
   599    31.003173    12.749000
   600    34.537997    12.776000
   601    32.944268    12.803000
   602    20.584132    12.829000
   603     3.057269    12.854000
   604    36.035491    12.879000
   605    25.797381    12.904000
   606    36.153465    12.928000
   607    50.616199    12.952000
   608    27.666539    12.975000
   609     7.188692    12.997000
   610    12.574585    13.019000
   611    16.285084    13.041000
   612    37.275594    13.062000
   613    33.475947    13.082000
   614    21.367188    13.102000
   615    27.786323    13.122000
   616    45.027667    13.141000
   617    42.614270    13.160000
   618    31.699180    13.178000
   619    11.682785    13.196000
   620     4.218260    13.213000
   621    26.259768    13.230000
   622     4.163110    13.247000
   623    -8.641375    13.263000
   624    10.825597    13.279000
   625    24.297668    13.295000
   626    31.898846    13.310000
   627    27.932798    13.325000
   628     2.304399    13.340000
   629    45.311303    13.355000
   630     1.382840    13.369000
   631     1.643571    13.383000
   632   -10.953689    13.397000
   633    -5.602783    13.411000
   634     5.526852    13.424000
   635    14.567084    13.438000
   636     4.991886    13.451000
   637    -5.158926    13.464000
   638   -20.782861    13.477000
   639   -13.693842    13.490000
   640    -0.481939    13.503000
   641    -5.133658    13.516000
   642    -6.459603    13.529000
   643   -23.953782    13.542000
   644   -38.473136    13.555000
   645     4.769742    13.568000
   646   -14.301068    13.581000
   647   -17.561814    13.595000
   648    -7.934746    13.608000
   649   -14.707494    13.621000
   650   -10.148571    13.635000
   651     5.301740    13.649000
   652   -29.552421    13.663000
   653    -0.625038    13.677000
   654   -34.501501    13.691000
   655    -5.820085    13.705000
   656   -12.292596    13.720000
   657   -14.363682    13.735000
   658    -9.108078    13.750000
   659   -45.720642    13.765000
   660   -42.177559    13.781000
   661   -39.860365    13.797000
   662   -34.709316    13.813000
   663   -37.351671    13.829000
   664   -27.617126    13.846000
   665   -22.029703    13.863000
   666   -24.364293    13.880000
   667   -45.741054    13.897000
   668   -49.747494    13.915000
   669   -24.157263    13.933000
   670   -53.355611    13.952000
   671   -58.743889    13.971000
   672   -51.918244    13.990000
   673   -45.809902    14.009000
   674   -65.078614    14.028000
   675   -61.770697    14.048000
   676   -48.553344    14.069000
   677   -36.226057    14.089000
   678   -58.303892    14.110000
   679   -57.725002    14.131000
   680   -66.289155    14.152000
   681   -13.895969    14.174000
   682   -93.221416    14.195000
   683   -76.634749    14.217000
   684   -51.993488    14.240000
   685   -62.929754    14.262000
   686   -85.256134    14.284000
   687   -59.540209    14.307000
   688   -77.155520    14.330000
   689   -80.254686    14.353000
   690   -81.234969    14.376000
   691   -85.703763    14.400000
   692   -87.553971    14.423000
   693   -63.167056    14.446000
   694   -79.146647    14.470000
   695   -65.144989    14.493000
   696   -85.698731    14.517000
   697  -104.979190    14.540000
   698  -101.628169    14.564000
   699   -79.561324    14.588000
   700   -54.489110    14.611000
   701  -116.358415    14.634000
   702   -66.505957    14.658000
   703  -115.499394    14.681000
   704  -106.191309    14.704000
   705  -120.960391    14.727000
   706   -73.186269    14.750000
   707  -104.835608    14.773000
   708  -102.932864    14.795000
   709   -99.163972    14.817000
   710   -90.174393    14.839000
   711  -103.728677    14.861000
   712  -101.344020    14.883000
   713  -114.179963    14.904000
   714  -110.989019    14.925000
   715  -118.871106    14.945000
   716  -124.136135    14.965000
   717  -109.198943    14.985000
   718  -127.406674    15.005000
   719  -147.727203    15.024000
   720  -123.055562    15.042000
   721  -112.371599    15.061000
   722  -130.799196    15.078000
   723   -81.723649    15.096000
   724  -116.125327    15.113000
   725  -114.999946    15.129000
   726  -115.890993    15.145000
   727  -113.960744    15.160000
   728  -105.303317    15.175000
   729  -100.214071    15.189000
   730   -89.030857    15.202000
   731   -98.600440    15.215000
   732  -112.355534    15.228000
   733  -161.604136    15.240000
   734  -123.292022    15.251000
   735  -123.278347    15.262000
   736  -114.420760    15.272000
   737  -103.564478    15.281000
   738  -130.971739    15.290000
   739  -121.494444    15.298000
   740  -152.941985    15.306000
   741  -126.624453    15.313000
   742  -130.948576    15.319000
   743  -127.859177    15.325000
   744  -136.356332    15.330000
   745  -108.401121    15.334000
   746  -126.886108    15.338000
   747  -162.409494    15.342000
   748  -138.892080    15.344000
   749  -149.976300    15.346000
   750  -140.245622    15.347000
   751  -158.187403    15.348000
   752  -131.621311    15.348000
   753  -138.799646    15.348000
   754  -151.901678    15.347000
   755  -131.684829    15.345000
   756  -134.610321    15.343000
   757  -102.343840    15.340000
   758  -138.094659    15.337000
   759  -140.558279    15.333000
   760  -104.548127    15.328000
   761  -108.753935    15.323000
   762  -142.609475    15.318000
   763  -122.416768    15.312000
   764  -103.738791    15.305000
   765  -145.698751    15.298000
   766  -125.908171    15.290000
   767  -125.147295    15.283000
   768  -111.391502    15.274000
   769  -158.385991    15.266000
   770  -128.754479    15.256000
   771  -106.967652    15.247000
   772  -139.217457    15.237000
   773  -129.855536    15.227000
   774   -92.658372    15.216000
   775  -141.441660    15.205000
   776   -88.674968    15.194000
   777  -136.300085    15.182000
   778  -139.467243    15.171000
   779  -112.881842    15.159000
   780  -121.482306    15.146000
   781  -123.160588    15.134000
   782  -102.066256    15.121000
   783  -125.182215    15.109000
   784   -97.502088    15.096000
   785  -100.936971    15.083000
   786  -110.159882    15.069000
   787  -105.792684    15.056000
   788   -91.274664    15.043000
   789   -96.283449    15.029000
   790   -88.789275    15.016000
   791  -104.811444    15.003000
   792   -98.304507    14.990000
   793   -88.487334    14.976000
   794   -93.434265    14.963000
   795  -102.688392    14.950000
   796   -82.610608    14.937000
   797   -82.602781    14.924000
   798   -80.327060    14.912000
   799   -83.489610    14.899000
   800   -82.195558    14.886000
   801   -53.836351    14.874000
   802   -90.164347    14.862000
   803  -106.230508    14.850000
   804   -99.292081    14.839000
   805   -65.246726    14.827000
   806  -111.361132    14.816000
   807   -71.791164    14.805000
   808   -81.505990    14.795000
   809   -53.020899    14.785000
   810   -58.843440    14.775000
   811   -60.164659    14.765000
   812   -60.602595    14.756000
   813   -72.427766    14.747000
   814   -67.072411    14.739000
   815   -56.938646    14.731000
   816   -67.518716    14.723000
   817   -53.108815    14.716000
   818   -80.075807    14.709000
   819   -44.167063    14.703000
   820   -66.330330    14.697000
   821   -55.760195    14.691000
   822   -45.184985    14.686000
   823   -73.768979    14.681000
   824   -29.438719    14.677000
   825   -56.757512    14.673000
   826   -27.064579    14.669000
   827   -52.536138    14.666000
   828   -30.575007    14.664000
   829   -54.509246    14.662000
   830   -14.446137    14.660000
   831   -29.611055    14.659000
   832   -45.806408    14.658000
   833   -14.485846    14.658000
   834    13.879895    14.658000
   835   -43.180131    14.658000
   836   -47.117938    14.659000
   837   -15.234079    14.660000
   838   -26.694365    14.662000
   839   -10.213938    14.664000
   840   -17.539008    14.666000
   841   -14.017052    14.669000
   842     2.626988    14.672000
   843   -14.465302    14.675000
   844    20.965064    14.679000
   845   -12.478387    14.683000
   846   -14.563979    14.687000
   847     6.869303    14.692000
   848   -39.973090    14.697000
   849     6.186306    14.702000
   850    -6.757812    14.708000
   851    13.816138    14.714000
   852     5.954873    14.719000
   853    17.217318    14.726000
   854    13.764200    14.732000
   855   -10.476381    14.738000
   856    18.988052    14.745000
   857    -0.824895    14.751000
   858    -0.093872    14.758000
   859     0.079433    14.765000
   860    -1.160068    14.772000
   861    26.441892    14.779000
   862   -12.531643    14.786000
   863    32.020825    14.793000
   864     4.344603    14.800000
   865    57.020173    14.807000
   866    26.609309    14.814000
   867    35.272753    14.821000
   868    28.094411    14.828000
   869    29.465956    14.834000
   870    42.105659    14.841000
   871    13.516870    14.848000
   872    29.842097    14.854000
   873    52.461725    14.861000
   874    44.666598    14.867000
   875    32.960505    14.873000
   876    16.397035    14.878000
   877    41.043686    14.884000
   878    53.913991    14.889000
   879    54.191452    14.894000
   880    28.617068    14.899000
   881    33.696412    14.903000
   882    33.454878    14.908000
   883    29.488849    14.911000
   884    50.141590    14.915000
   885    46.961835    14.918000
   886    59.370913    14.921000
   887    29.913659    14.923000
   888    70.667586    14.925000
   889    40.844824    14.927000
   890    40.979183    14.928000
   891    46.142798    14.929000
   892    18.973922    14.929000
   893    53.311679    14.929000
   894    69.252259    14.928000
   895    33.447949    14.927000
   896    52.067406    14.926000
   897    37.859147    14.924000
   898    59.546810    14.921000
   899    49.382897    14.918000
   900    47.651925    14.915000
   901    75.614435    14.911000
   902    72.096574    14.906000
   903    73.165311    14.901000
   904    49.247995    14.896000
   905    55.849997    14.890000
   906    37.302517    14.883000
   907    72.696186    14.876000
   908    49.016039    14.869000
   909    43.777990    14.861000
   910    39.800188    14.852000
   911    51.629960    14.843000
   912    81.967697    14.833000
   913    63.288948    14.823000
   914    46.240546    14.813000
   915    45.360670    14.802000
   916    35.609919    14.790000
   917    55.237624    14.778000
   918    24.278780    14.765000
   919    65.097878    14.752000
   920    52.440252    14.739000
   921    80.307188    14.725000
   922    46.158504    14.710000
   923    61.427855    14.695000
   924    56.000385    14.680000
   925    60.017321    14.664000
   926    21.963120    14.648000
   927    69.575200    14.632000
   928    65.453637    14.615000
   929    50.354486    14.598000
   930    49.005065    14.580000
   931    42.686140    14.562000
   932    51.510443    14.544000
   933    48.150361    14.525000
   934    61.319304    14.506000
   935    79.993071    14.487000
   936    23.115330    14.468000
   937    43.573590    14.448000
   938    29.047127    14.428000
   939    26.549026    14.408000
   940    41.304387    14.388000
   941    60.009195    14.367000
   942    53.715705    14.346000
   943    38.311665    14.326000
   944    52.018144    14.305000
   945    55.700963    14.283000
   946    35.227046    14.262000
   947    20.781969    14.241000
   948    37.017893    14.220000
   949    24.262270    14.198000
   950    40.648519    14.177000
   951    25.260164    14.155000
   952    27.888138    14.134000
   953    39.720270    14.113000
   954    50.587058    14.091000
   955    24.193967    14.070000
   956    32.290148    14.049000
   957    54.022046    14.028000
   958    52.531794    14.007000
   959    36.533951    13.986000
   960    29.057420    13.966000
   961    38.590669    13.946000
   962    38.345674    13.926000
   963    36.104280    13.906000
   964    34.708290    13.886000
   965    16.897351    13.867000
   966     0.017076    13.848000
   967    26.589424    13.829000
   968   -13.159217    13.811000
   969    19.196312    13.793000
   970    33.339730    13.775000
   971    30.945837    13.758000
   972    41.373112    13.741000
   973     5.935202    13.724000
   974    17.624276    13.708000
   975     5.773906    13.693000
   976     3.575146    13.678000
   977   -24.276664    13.663000
   978     8.181226    13.649000
   979    -3.384054    13.635000
   980     8.144536    13.622000
   981     3.374233    13.609000
   982    -2.315728    13.597000
   983    -0.502844    13.585000
   984   -11.686624    13.574000
   985     8.036293    13.564000
   986   -12.907076    13.554000
   987     9.364652    13.545000
   988    19.086736    13.536000
   989     3.317772    13.528000
   990   -25.963296    13.520000
   991    -5.308994    13.513000
   992    -1.833101    13.507000
   993   -17.208696    13.501000
   994   -34.014249    13.496000
   995    -5.746942    13.492000
   996   -26.956753    13.488000
   997   -29.903340    13.485000
   998   -17.948030    13.503000
   999   -10.247907    13.501000
  1000   -27.619121    15.322000
  1001   -16.365417    15.318000
  1002     1.788342    15.430000
  1003   -26.083680    15.426000
  1004   -28.179892    15.424000
  1005   -43.786765    15.422000
  1006   -28.788472    15.421000
  1007   -17.581454    15.420000
  1008   -19.286771    15.420000
  1009   -22.649541    15.421000
  1010   -54.959011    15.422000
  1011   -39.439519    15.424000
  1012   -66.855072    15.426000
  1013   -28.819001    15.429000
  1014    -8.364842    15.433000
  1015   -22.179953    15.437000
  1016   -63.190881    15.442000
  1017   -40.067818    15.447000
  1018   -21.127209    15.453000
  1019   -55.906556    15.460000
  1020   -44.863636    15.467000
  1021   -24.478453    15.474000
  1022   -21.065069    15.482000
  1023   -49.619286    15.490000
  1024   -36.456865    15.499000
  1025   -30.537265    15.509000
  1026   -57.947714    15.518000
  1027   -41.830679    15.529000
  1028   -77.576168    15.539000
  1029   -77.415094    15.551000
  1030   -33.175240    15.562000
  1031   -47.767476    15.574000
  1032   -74.164507    15.586000
  1033   -72.993257    15.599000
  1034   -66.163813    15.612000
  1035   -77.731297    15.625000
  1036   -53.262097    15.639000
  1037   -88.249139    15.653000
  1038   -77.733666    15.667000
  1039   -64.112956    15.682000
  1040   -66.138410    15.697000
  1041   -63.240582    15.712000
  1042   -48.583350    15.727000
  1043   -87.849539    15.742000
  1044   -79.336630    15.758000
  1045   -59.461222    15.774000
  1046   -79.173942    15.790000
  1047   -40.429644    15.806000
  1048   -80.835197    15.823000
  1049   -72.252665    15.839000
  1050   -64.391617    15.856000
  1051   -55.884867    15.873000
  1052   -69.667969    15.890000
  1053   -67.878121    15.907000
  1054   -87.612550    15.924000
  1055   -63.147872    15.941000
  1056  -102.862310    15.958000
  1057   -48.310175    15.975000
  1058   -61.517771    15.992000
  1059   -84.748095    16.010000
  1060   -65.152058    16.027000
  1061  -105.775115    16.044001
  1062   -76.953914    16.062000
  1063   -68.976455    16.079000
  1064   -79.887471    16.096001
  1065   -61.445743    16.113001
  1066   -67.596044    16.131001
  1067   -90.314767    16.148001
  1068   -62.845930    16.165001
  1069   -88.180481    16.181999
  1070   -73.620853    16.198999
  1071   -95.786913    16.216000
  1072  -105.774011    16.233000
  1073   -47.768621    16.250000
  1074   -69.765183    16.266001
  1075   -81.723463    16.283001
  1076   -87.261199    16.299999
  1077   -50.401915    16.316000
  1078   -79.149239    16.332001
  1079   -87.973891    16.349001
  1080   -67.416005    16.365000
  1081   -45.485857    16.381001
  1082   -65.578979    16.396999
  1083   -78.478027    16.412001
  1084   -76.572834    16.427999
  1085  -109.742360    16.443001
  1086   -48.753306    16.459000
  1087   -87.167322    16.474001
  1088   -78.029226    16.489000
  1089   -64.387218    16.504000
  1090   -89.639678    16.518999
  1091   -69.756745    16.534000
  1092   -63.032922    16.548000
  1093   -70.239058    16.563000
  1094   -79.653625    16.577000
  1095   -51.396246    16.591000
  1096   -59.124496    16.605000
  1097   -94.941668    16.618999
  1098   -66.850892    16.632000
  1099   -70.465568    16.646000
  1100   -60.420376    16.659000
  1101   -70.900416    16.672001
  1102   -69.843684    16.684999
  1103   -47.995790    16.698000
  1104   -61.450740    16.711000
  1105   -78.466676    16.724001
  1106   -57.977739    16.736000
  1107   -56.256234    16.747999
  1108   -81.403094    16.761000
  1109   -51.481420    16.773001
  1110   -57.800558    16.784000
  1111   -50.984799    16.796000
  1112   -71.830957    16.808001
  1113   -67.251166    16.819000
  1114   -44.435826    16.830000
  1115   -64.494910    16.841000
  1116   -32.609696    16.851999
  1117   -54.725450    16.863001
  1118   -51.157633    16.874001
  1119   -63.613735    16.884001
  1120   -53.509455    16.895000
  1121   -71.662432    16.905001
  1122   -54.243850    16.915001
  1123   -27.040629    16.924999
  1124   -49.960920    16.934000
  1125   -43.466818    16.944000
  1126   -52.083663    16.954000
  1127   -35.667060    16.962999
  1128   -54.441850    16.972000
  1129    -8.297810    16.981001
  1130   -52.958927    16.990000
  1131   -58.817470    16.999001
  1132   -24.922054    17.007999
  1133   -34.393472    17.016001
  1134   -70.319687    17.025000
  1135   -28.617374    17.033001
  1136   -68.633393    17.041000
  1137   -62.109905    17.049000
  1138   -55.435264    17.056000
  1139   -36.276417    17.063999
  1140   -38.568649    17.070999
  1141   -24.468582    17.077999
  1142   -67.893060    17.084999
  1143   -52.374981    17.091999
  1144   -25.555729    17.099001
  1145   -22.667523    17.105000
  1146   -63.035778    17.111000
  1147   -40.318274    17.117001
  1148   -39.752869    17.122999
  1149    -8.658473    17.129000
  1150   -12.560719    17.134001
  1151   -70.838056    17.139999
  1152   -22.692236    17.145000
  1153   -33.953952    17.150000
  1154   -18.053451    17.155001
  1155   -10.508166    17.159000
  1156   -17.131201    17.164000
  1157     6.034079    17.167999
  1158   -44.495110    17.172001
  1159   -39.716489    17.176001
  1160   -26.916125    17.180000
  1161   -31.925010    17.183001
  1162   -23.623899    17.186001
  1163   -36.691958    17.190001
  1164    -3.250183    17.191999
  1165   -13.591589    17.195000
  1166   -14.376761    17.198000
  1167     0.213451    17.200001
  1168   -12.127430    17.202000
  1169    17.655741    17.204000
  1170   -22.427794    17.205000
  1171   -34.511234    17.207001
  1172   -15.296678    17.208000
  1173   -17.011738    17.209000
  1174    -0.141846    17.209000
  1175    -1.076496    17.209999
  1176   -15.402619    17.209999
  1177    18.437126    17.209999
  1178   -48.822925    17.209999
  1179    -7.328337    17.209999
  1180    15.675070    17.209000
  1181    -2.678562    17.208000
  1182    -4.033569    17.207001
  1183    -9.761297    17.205999
  1184     5.995110    17.204000
  1185    -8.105978    17.202999
  1186     2.258816    17.201000
  1187   -27.237184    17.198999
  1188   -14.922269    17.195999
  1189   -23.622952    17.194000
  1190    18.440093    17.191000
  1191     9.042291    17.188000
  1192   -14.817024    17.184000
  1193    15.356719    17.181000
  1194    11.745932    17.177000
  1195   -37.043099    17.173000
  1196     6.374314    17.169001
  1197    -0.300450    17.165001
  1198    20.017175    17.160000
  1199   -19.201740    17.156000
  1200     5.930387    17.150999
  1201    -6.556276    17.146000
  1202   -24.220726    17.139999
  1203    29.636848    17.135000
  1204    26.008525    17.129000
  1205    10.506866    17.122999
  1206    22.441929    17.117001
  1207    27.956413    17.111000
  1208    17.879846    17.105000
  1209     0.283550    17.098000
  1210    -0.856905    17.091999
  1211    -9.285397    17.084999
  1212    -5.647558    17.077999
  1213    13.208061    17.070999
  1214   -10.011322    17.063999
  1215     5.186269    17.056000
  1216    10.894547    17.049000
  1217    -2.935783    17.041000
  1218     2.896985    17.033001
  1219    -4.102948    17.025999
  1220    12.573926    17.018000
  1221    15.417060    17.010000
  1222   -31.878954    17.002001
  1223   -17.716778    16.993999
  1224    -7.795873    16.985001
  1225    -6.769514    16.976999
  1226    10.786958    16.969000
  1227   -26.821332    16.961000
  1228    26.578766    16.952000
  1229   -24.863559    16.944000
  1230     1.899225    16.936001
  1231    10.357442    16.927000
  1232     9.232087    16.919001
  1233    12.045333    16.910999
  1234   -14.003268    16.902000
  1235    31.605974    16.893999
  1236    22.600266    16.886000
  1237     2.784258    16.878000
  1238    16.670578    16.870001
  1239    15.033326    16.862000
  1240   -10.454055    16.854000
  1241    -0.867398    16.846001
  1242     5.039229    16.839001
  1243    13.426614    16.830999
  1244    11.156833    16.823999
  1245     3.614365    16.816999
  1246    -4.620078    16.809999
  1247     2.491749    16.802999
  1248   -16.319427    16.796000
  1249    -3.343614    16.789000
  1250     3.706940    16.783001
  1251   -18.649295    16.777000
  1252    21.387593    16.771000
  1253     9.423633    16.764999
  1254    13.461795    16.760000
  1255    -5.686429    16.754999
  1256    -0.550275    16.750000
  1257    10.248685    16.745001
  1258   -30.921762    16.740999
  1259    -6.523001    16.737000
  1260   -13.642098    16.733000
  1261   -35.331896    16.730000
  1262    -1.234743    16.726999
  1263    -3.700309    16.724001
  1264    -2.034515    16.722000
  1265   -13.634945    16.719999
  1266   -12.857945    16.718000
  1267     3.979827    16.716999
  1268    -3.954333    16.716000
  1269    13.687991    16.715000
  1270     5.579749    16.715000
  1271     4.999016    16.715000
  1272    -8.748927    16.716000
  1273    17.669477    16.716999
  1274   -18.848659    16.718000
  1275   -24.790764    16.719999
  1276    -6.863480    16.723000
  1277   -10.517514    16.726000
  1278   -11.819855    16.729000
  1279    -2.210848    16.732000
  1280   -17.979734    16.737000
  1281   -40.394260    16.740999
  1282   -61.724416    16.746000
  1283   -22.708530    16.752001
  1284   -20.269119    16.757999
  1285   -19.961098    16.764000
  1286     1.478393    16.771000
  1287   -18.994096    16.778999
  1288   -17.085108    16.787001
  1289   -45.789103    16.795000
  1290   -45.152860    16.804001
  1291   -59.795132    16.813999
  1292   -19.965801    16.823999
  1293   -28.630561    16.834000
  1294   -17.788144    16.844999
  1295   -12.311481    16.857000
  1296   -48.407609    16.868999
  1297   -25.446680    16.881001
  1298   -49.491061    16.893999
  1299   -32.560570    16.907000
  1300   -40.498863    16.921000
  1301   -50.509667    16.936001
  1302   -43.926621    16.951000
  1303   -52.296481    16.966000
  1304   -48.202390    16.982000
  1305   -45.201771    16.999001
  1306   -50.696401    17.016001
  1307   -57.596282    17.033001
  1308   -36.671684    17.051001
  1309   -18.894864    17.069000
  1310   -27.137014    17.087999
  1311   -43.408372    17.107000
  1312   -73.250186    17.127001
  1313   -11.762922    17.146999
  1314   -44.824093    17.167999
  1315   -33.194788    17.188999
  1316   -40.137372    17.211000
  1317   -31.485461    17.232000
  1318   -55.733213    17.254999
  1319   -45.822074    17.278000
  1320   -23.192977    17.301001
  1321   -47.919601    17.325001
  1322   -55.113589    17.349001
  1323   -34.603160    17.372999
  1324   -29.042801    17.398001
  1325   -65.757914    17.423000
  1326   -46.791168    17.448999
  1327   -56.501697    17.475000
  1328   -49.090682    17.500999
  1329   -39.812810    17.527000
  1330   -53.539294    17.554001
  1331   -29.235267    17.582001
  1332   -35.658453    17.608999
  1333   -67.335191    17.636999
  1334   -51.711768    17.666000
  1335   -53.989325    17.694000
  1336   -56.933760    17.723000
  1337   -86.784241    17.752001
  1338   -78.731028    17.781000
  1339   -57.581949    17.811001
  1340   -58.532986    17.841000
  1341   -60.477676    17.871000
  1342   -33.327092    17.902000
  1343   -61.684052    17.931999
  1344   -55.603213    17.962999
  1345   -39.830592    17.993999
  1346   -43.534318    18.025000
  1347   -39.936397    18.056999
  1348   -34.131053    18.087999
  1349   -53.622665    18.120001
  1350   -57.824892    18.152000
  1351   -50.986881    18.184000
  1352   -69.902624    18.216000
  1353   -61.338559    18.249001
  1354   -72.544821    18.281000
  1355   -65.035160    18.313999
  1356   -60.785479    18.346001
  1357   -61.904912    18.379000
  1358   -27.282539    18.412001
  1359   -49.265660    18.445000
  1360   -36.200706    18.478001
  1361   -36.524759    18.511000
  1362   -34.535008    18.544001
  1363   -45.754174    18.577999
  1364   -61.371770    18.611000
  1365   -52.166112    18.643999
  1366   -44.936820    18.677000
  1367   -61.223685    18.711000
  1368   -56.142204    18.743999
  1369   -38.093512    18.777000
  1370   -41.412497    18.811001
  1371   -38.013189    18.844000
  1372   -49.418205    18.877001
  1373  -101.179072    18.910000
  1374   -49.799315    18.944000
  1375   -52.046423    18.976999
  1376   -51.545041    19.010000
  1377   -60.022027    19.042999
  1378   -74.468926    19.076000
  1379   -84.908793    19.108999
  1380   -91.678861    19.141001
  1381   -61.798883    19.174000
  1382   -41.586372    19.207001
  1383   -37.919944    19.239000
  1384   -67.632147    19.271999
  1385   -65.071707    19.304001
  1386   -40.456104    19.336000
  1387   -64.733691    19.368000
  1388   -66.663932    19.400000
  1389   -39.624829    19.431999
  1390   -36.500794    19.462999
  1391   -37.298528    19.495001
  1392   -61.823118    19.525999
  1393   -58.968382    19.556999
  1394   -65.780735    19.587999
  1395   -27.216571    19.618999
  1396   -85.133024    19.649000
  1397   -16.085074    19.680000
  1398   -47.672669    19.709999
  1399   -53.209944    19.740000
  1400   -58.334852    19.770000
  1401   -49.919274    19.799000
  1402   -51.722301    19.829000
  1403   -67.333634    19.858000
  1404   -61.681126    19.886999
  1405   -23.565619    19.915001
  1406   -49.784796    19.944000
  1407   -24.123859    19.972000
  1408   -50.938129    20.000000
  1409   -32.509043    20.028000
  1410   -76.004967    20.056000
  1411   -38.756486    20.083000
  1412   -81.529909    20.110001
  1413   -35.603836    20.136999
  1414   -12.578633    20.163000
  1415   -23.890005    20.190001
  1416   -69.737460    20.216000
  1417   -33.668328    20.242001
  1418   -43.792531    20.267000
  1419   -54.318377    20.292000
  1420   -79.884991    20.316999
  1421   -39.232970    20.341999
  1422   -12.520724    20.365999
  1423   -31.425791    20.389999
  1424   -10.850795    20.414000
  1425   -56.310264    20.438000
  1426   -69.731914    20.461000
  1427   -34.702721    20.485001
  1428   -20.658200    20.507000
  1429   -97.514958    20.530001
  1430   -17.112673    20.552000
  1431   -63.849871    20.573999
  1432   -35.510205    20.594999
  1433   -11.416789    20.617001
  1434   -21.397488    20.638000
  1435   -27.606704    20.658001
  1436   -64.558340    20.679001
  1437   -23.053324    20.698999
  1438   -58.003912    20.718000
  1439   -32.362943    20.738001
  1440   -47.693827    20.757000
  1441   -75.056412    20.775999
  1442   -44.813951    20.794001
  1443   -51.956658    20.812000
  1444   -43.811943    20.830000
  1445   -30.340820    20.848000
  1446   -39.168034    20.865000
  1447   -56.021850    20.882000
  1448   -17.393943    20.898001
  1449    -8.085761    20.915001
  1450   -29.897419    20.930000
  1451    -8.326252    20.945999
  1452   -34.899137    20.961000
  1453    -5.295874    20.976000
  1454   -39.404412    20.990999
  1455    46.833205    21.004999
  1456   -14.029596    21.018999
  1457   -55.378038    21.033001
  1458   -48.393187    21.046000
  1459   -20.399370    21.059000
  1460    -5.221641    21.072001
  1461    -6.155192    21.084000
  1462   -35.785837    21.096001
  1463    -4.472795    21.108000
  1464   -32.421244    21.120001
  1465   -12.040989    21.131001
  1466    -1.684823    21.142000
  1467   -54.998437    21.152000
  1468   -15.755242    21.162001
  1469    21.162154    21.172001
  1470   -61.781246    21.181999
  1471   -40.551630    21.191000
  1472    -2.439567    21.200001
  1473   -32.700313    21.209000
  1474   -32.560614    21.216999
  1475   -20.601752    21.225000
  1476    -0.946756    21.233000
  1477     6.124905    21.240000
  1478   -19.079748    21.247999
  1479   -27.341823    21.254999
  1480   -42.550606    21.261000
  1481     6.286405    21.268000
  1482   -16.573115    21.274000
  1483   -17.706190    21.278999
  1484    14.384971    21.285000
  1485    -3.572251    21.290001
  1486    10.440047    21.295000
  1487   -17.236190    21.299999
  1488    -1.467180    21.304001
  1489    12.506449    21.309000
  1490   -29.927722    21.313000
  1491    -3.474112    21.316000
  1492    -7.435099    21.320000
  1493    -0.176974    21.323000
  1494    42.864023    21.326000
  1495    28.925057    21.329000
  1496    32.465437    21.332001
  1497   -21.487719    21.334000
  1498     2.058583    21.336000
  1499    22.856907    21.337999
  1500    -4.517583    21.340000
  1501    19.682089    21.341000
  1502    31.350675    21.343000
  1503     9.328064    21.344000
  1504   -48.579368    21.344999
  1505    30.488793    21.346001
  1506    29.850492    21.346001
  1507    -5.909519    21.347000
  1508    20.185436    21.347000
  1509    11.402499    21.348000
  1510   -13.202431    21.348000
  1511    15.380363    21.348000
  1512   -31.714943    21.348000
  1513    13.769476    21.348000
  1514    27.415641    21.347000
  1515    -3.373218    21.347000
  1516   -11.407843    21.346001
  1517    12.897843    21.346001
  1518     6.902069    21.344999
  1519    31.395832    21.344000
  1520   -33.874937    21.343000
  1521   -18.430920    21.341999
  1522   -39.312670    21.341000
  1523    29.039096    21.340000
  1524     8.571022    21.339001
  1525   -23.442117    21.337999
  1526    -7.260132    21.336000
  1527    21.947984    21.334999
  1528   -28.518813    21.334000
  1529    39.206683    21.332001
  1530    20.330836    21.330999
  1531    20.272828    21.330000
  1532    -2.915074    21.327999
  1533   -12.730130    21.327000
  1534   -15.565695    21.326000
  1535    -1.761121    21.325001
  1536    -0.291546    21.323000
  1537   -22.780159    21.322001
  1538    22.875815    21.320999
  1539    -9.328373    21.320000
  1540    10.831228    21.319000
  1541    17.838727    21.318001
  1542     7.747900    21.318001
  1543    23.564907    21.316999
  1544    40.361979    21.316000
  1545    19.315438    21.316000
  1546     2.686485    21.316000
  1547     9.670538    21.316000
  1548    20.429217    21.316000
  1549    21.560466    21.316000
  1550   -27.329678    21.316000
  1551   -10.450599    21.316000
  1552    44.778903    21.316999
  1553   -16.954241    21.318001
  1554    11.246895    21.319000
  1555    19.482021    21.320000
  1556    -1.555205    21.320999
  1557     9.216294    21.323000
  1558    -8.950508    21.325001
  1559   -11.884435    21.327000
  1560    19.776522    21.329000
  1561    15.300137    21.332001
  1562    14.067794    21.334999
  1563     0.230313    21.337999
  1564    27.506077    21.341000
  1565     9.325627    21.344999
  1566     7.224457    21.349001
  1567    19.820559    21.353001
  1568    -1.501319    21.358000
  1569    -4.791502    21.363001
  1570     1.789131    21.368000
  1571    28.798312    21.374001
  1572     4.191884    21.379999
  1573     0.567366    21.386000
  1574     7.875056    21.392000
  1575    -3.427557    21.399000
  1576    -8.347602    21.407000
  1577    14.711079    21.414000
  1578   -12.309515    21.423000
  1579    23.962628    21.431000
  1580   -14.641785    21.440001
  1581   -37.245765    21.448999
  1582     0.095090    21.459000
  1583    11.975383    21.469000
  1584     1.360574    21.479000
  1585   -22.392527    21.490000
  1586   -30.702181    21.502001
  1587   -21.819002    21.513000
  1588    -7.596675    21.525000
  1589   -22.243674    21.538000
  1590    -7.947722    21.551001
  1591    -3.890011    21.565001
  1592    39.245303    21.579000
  1593    -3.158800    21.593000
  1594   -61.348267    21.608000
  1595     3.838002    21.622999
  1596   -13.810671    21.639000
  1597   -43.339549    21.655001
  1598    17.839467    21.672001
  1599   -12.944170    21.688999
  1600    -8.646092    21.707001
  1601   -21.562766    21.725000
  1602    -6.532019    21.743999
  1603   -43.076437    21.763000
  1604    -7.520770    21.783001
  1605   -14.356522    21.802999
  1606   -16.563603    21.823999
  1607    21.948185    21.844999
  1608   -42.547488    21.867001
  1609    -4.578997    21.889000
  1610   -21.019185    21.910999
  1611    18.785226    21.934999
  1612    12.447037    21.958000
  1613   -22.772037    21.982000
  1614   -15.271204    22.007000
  1615    -9.499727    22.032000
  1616    -2.396233    22.058001
  1617   -17.505953    22.084000
  1618   -33.782603    22.111000
  1619   -26.206521    22.138000
  1620   -20.229771    22.166000
  1621    32.083409    22.194000
  1622     7.104768    22.223000
  1623   -36.776419    22.252001
  1624    -3.779003    22.281000
  1625    -9.831296    22.311001
  1626   -40.316405    22.341999
  1627   -23.847412    22.372999
  1628    -9.319900    22.405001
  1629   -25.273922    22.437000
  1630   -21.407480    22.469999
  1631    31.817541    22.503000
  1632    17.230349    22.535999
  1633   -12.293001    22.570000
  1634   -34.347868    22.605000
  1635     5.769988    22.639000
  1636   -19.398969    22.674999
  1637   -36.691060    22.711000
  1638   -44.765858    22.747000
  1639   -75.622510    22.784000
  1640   -21.799774    22.820999
  1641    -2.770300    22.858000
  1642   -20.295180    22.896999
  1643   -49.763557    22.934999
  1644   -32.854111    22.974001
  1645     8.938293    23.013000
  1646    26.052250    23.052999
  1647   -40.377401    23.093000
  1648   -48.867914    23.134001
  1649   -14.706094    23.174999
  1650   -23.479093    23.216000
  1651    -6.773513    23.257999
  1652   -35.581167    23.299999
  1653   -49.098784    23.341999
  1654    -9.383345    23.385000
  1655    18.614836    23.427999
  1656    -6.846432    23.472000
  1657   -11.520587    23.516001
  1658   -15.194767    23.559999
  1659   -11.380901    23.604000
  1660   -50.458196    23.649000
  1661   -35.028834    23.695000
  1662   -32.799374    23.740000
  1663   -25.022974    23.785999
  1664    -3.593646    23.832001
  1665   -34.518093    23.879000
  1666   -13.834916    23.924999
  1667    -4.384895    23.972000
  1668   -21.863312    24.020000
  1669    -8.231202    24.066999
  1670   -52.703978    24.115000
  1671   -25.892806    24.163000
  1672   -21.479467    24.212000
  1673   -64.445500    24.260000
  1674   -23.622742    24.309000
  1675   -50.308066    24.358000
  1676   -22.919927    24.408001
  1677   -34.143245    24.457001
  1678   -72.102111    24.507000
  1679   -53.508902    24.556999
  1680   -19.079796    24.607000
  1681   -60.507588    24.658001
  1682   -36.377900    24.708000
  1683   -42.516690    24.759001
  1684   -31.465220    24.809999
  1685   -77.867106    24.861000
  1686   -24.545525    24.913000
  1687   -36.537887    24.964001
  1688    -1.368095    25.016001
  1689   -29.650066    25.066999
  1690    13.936995    25.118999
  1691   -25.792620    25.171000
  1692   -40.123864    25.224001
  1693     3.984481    25.275999
  1694    -9.923232    25.327999
  1695   -32.944090    25.381001
  1696   -16.186757    25.434000
  1697   -36.983318    25.486000
  1698   -23.824300    25.539000
  1699   -26.460709    25.591999
  1700   -11.569161    25.645000
  1701   -31.630496    25.698000
  1702   -33.337739    25.750999
  1703   -37.480338    25.804001
  1704   -46.191553    25.858000
  1705    -6.677203    25.910999
  1706   -20.581628    25.965000
  1707   -42.631370    26.018000
  1708    -3.284770    26.070999
  1709   -31.368106    26.125000
  1710   -16.997970    26.179001
  1711   -20.139881    26.232000
  1712   -25.015009    26.285999
  1713   -34.894754    26.339001
  1714   -28.720398    26.393000
  1715     1.878920    26.447001
  1716   -39.498251    26.500000
  1717   -29.113371    26.554001
  1718   -66.312830    26.608000
  1719    18.731633    26.660999
  1720   -52.598725    26.715000
  1721    25.524591    26.768999
  1722   -64.762639    26.822001
  1723   -49.427328    26.875999
  1724    -4.211446    26.929001
  1725     9.571238    26.983000
  1726    -1.952216    27.035999
  1727    52.162299    27.090000
  1728    17.036547    27.143000
  1729   -30.257744    27.197001
  1730   -67.892375    27.250000
  1731    -2.447540    27.304001
  1732   -24.697686    27.357000
  1733   -11.734331    27.410000
  1734   -69.491404    27.462999
  1735    -8.313154    27.516001
  1736    -8.635939    27.569000
  1737   -58.291073    27.622000
  1738   -43.451251    27.674999
  1739     5.490731    27.728001
  1740   -38.563941    27.781000
  1741   -63.350083    27.834000
  1742     5.879268    27.886999
  1743   -12.463442    27.938999
  1744    42.951338    27.992001
  1745   -59.772050    28.044001
  1746    34.411686    28.097000
  1747    19.920897    28.149000
  1748     4.883048    28.201000
  1749   -57.498041    28.253000
  1750   -23.432557    28.305000
  1751    16.055561    28.357000
  1752   -33.259227    28.409000
  1753   -43.400937    28.461000
  1754   -35.496360    28.513000
  1755   -13.829826    28.565001
  1756    28.230059    28.615999
  1757   -46.473276    28.667999
  1758    -0.237508    28.719000
  1759   -13.296402    28.771000
  1760   -39.258204    28.822001
  1761   -27.424245    28.872999
  1762    14.932158    28.924999
  1763    54.508407    28.976000
  1764   -25.346799    29.027000
  1765   -12.109487    29.077999
  1766    -1.576010    29.128000
  1767     9.687798    29.179001
  1768    14.473667    29.230000
  1769     4.445505    29.281000
  1770   -10.822045    29.330999
  1771     0.926301    29.382000
  1772     8.353502    29.431999
  1773   -34.043809    29.483000
  1774    22.305933    29.533001
  1775     7.490328    29.583000
  1776   -56.278188    29.632999
  1777   -11.571504    29.683001
  1778     5.225926    29.733000
  1779   -52.457417    29.784000
  1780   -44.682748    29.833000
  1781    -2.852610    29.882999
  1782   -32.830375    29.933001
  1783    -5.775508    29.983000
  1784   -45.638034    30.033001
  1785     7.198850    30.083000
  1786    30.838774    30.132000
  1787    57.460422    30.181999
  1788    44.235589    30.232000
  1789    54.300170    30.281000
  1790    -5.097277    30.330999
  1791   -15.893917    30.381001
  1792   -28.450517    30.430000
  1793   -31.438613    30.480000
  1794   -33.812946    30.528999
  1795    34.692983    30.579000
  1796   -38.246508    30.628000
  1797   -34.109092    30.677999
  1798    21.948127    30.726999
  1799   -32.640448    30.777000
  1800   -13.784915    30.827000
  1801   -57.361197    30.875999
  1802   -33.392659    30.926001
  1803    21.457302    30.975000
  1804    10.758903    31.025000
  1805    25.846079    31.075001
  1806   -25.874742    31.124001
  1807    14.944866    31.174000
  1808   -46.153633    31.224001
  1809   -19.124308    31.274000
  1810   -12.109145    31.323000
  1811    41.342407    31.372999
  1812    30.558706    31.423000
  1813   -24.494524    31.473000
  1814   -10.354752    31.523001
  1815     4.498332    31.573999
  1816   -34.538534    31.624001
  1817   -40.829264    31.674000
  1818   -54.572416    31.725000
  1819    -7.304402    31.775000
  1820    77.136204    31.826000
  1821   -14.306326    31.877001
  1822   -24.902480    31.927000
  1823   -67.312863    31.978001
  1824    -3.638444    32.028999
  1825    34.658630    32.081001
  1826    10.110897    32.132000
  1827    32.686455    32.182999
  1828   -20.270251    32.235001
  1829    24.343037    32.286999
  1830   -26.729545    32.339001
  1831   -18.372462    32.390999
  1832    13.128688    32.443001
  1833   -31.664975    32.494999
  1834    17.748823    32.548000
  1835   -37.743346    32.599998
  1836   -26.273318    32.653000
  1837    14.807304    32.706001
  1838    21.512321    32.759998
  1839   -13.293590    32.813000
  1840    -8.450420    32.867001
  1841    16.670150    32.921001
  1842    27.755108    32.974998
  1843   -16.564065    33.028999
  1844   -45.776173    33.083000
  1845   -17.050587    33.138000
  1846     7.163256    33.193001
  1847     6.102417    33.248001
  1848     2.287681    33.304001
  1849    10.713650    33.359001
  1850   -34.630946    33.415001
  1851   -10.930774    33.472000
  1852    18.470600    33.528000
  1853    -6.764609    33.584999
  1854   -29.885430    33.641998
  1855    17.682059    33.699001
  1856     7.814982    33.757000
  1857    30.872087    33.814999
  1858   -30.319452    33.873001
  1859    -3.097329    33.931000
  1860    -0.464532    33.990002
  1861   -12.548298    34.049000
  1862    17.249042    34.109001
  1863   -30.795510    34.167999
  1864    58.559335    34.229000
  1865    15.756433    34.289001
  1866   -28.047008    34.349998
  1867    19.680042    34.410999
  1868    12.856703    34.472000
  1869   -24.906173    34.534000
  1870     6.349228    34.596001
  1871    43.001327    34.658001
  1872    29.043455    34.721001
  1873    -5.474588    34.785000
  1874   -60.285906    34.848000
  1875    53.916458    34.911999
  1876    17.754702    34.976002
  1877     3.376734    35.041000
  1878   -50.723281    35.105999
  1879    21.099852    35.172001
  1880     0.660536    35.237000
  1881    -3.084010    35.304001
  1882   -63.563445    35.369999
  1883   -38.612679    35.437000
  1884   -15.141217    35.505001
  1885    28.571541    35.573002
  1886   -51.993909    35.640999
  1887    -8.867008    35.709999
  1888    21.255668    35.778999
  1889    -5.296977    35.848000
  1890   -55.607934    35.917999
  1891    29.307503    35.988998
  1892   -28.576400    36.060001
  1893    14.313968    36.131001
  1894   -32.430344    36.202999
  1895   -61.987003    36.275002
  1896   -19.004743    36.347000
  1897   -86.951984    36.419998
  1898    24.340360    36.493999
  1899   -12.365646    36.568001
  1900    -1.815078    36.641998
  1901    -7.520949    36.716999
  1902   -69.528811    36.792000
  1903   -12.782069    36.868000
  1904    30.854360    36.944000
  1905   -72.069802    37.021000
  1906    39.958123    37.098000
  1907   -22.149140    37.175999
  1908   -42.150896    37.254002
  1909   -61.994971    37.333000
  1910    35.151370    37.411999
  1911   -54.212317    37.491001
  1912    -0.485536    37.570999
  1913   -35.488333    37.651001
  1914   -13.421944    37.731998
  1915   -51.431414    37.813999
  1916    64.998427    37.896000
  1917   -60.039922    37.978001
  1918    36.924641    38.061001
  1919   -49.814386    38.144001
  1920    -5.630753    38.228001
  1921   -28.212358    38.312000
  1922   -20.713871    38.396999
  1923   -18.982045    38.481998
  1924   -10.328815    38.567001
  1925   -22.605520    38.653999
  1926     3.768152    38.740002
  1927    25.733223    38.827000
  1928    -9.729434    38.915001
  1929     1.317472    39.002998
  1930   -52.190743    39.091000
  1931    -8.895379    39.180000
  1932   -15.131470    39.270000
  1933   -15.630086    39.359001
  1934   -24.354832    39.450001
  1935    90.075160    39.541000
  1936   -49.101675    39.632000
  1937   -74.724805    39.723999
  1938     3.748351    39.816002
  1939   -19.180792    39.909000
  1940   -47.126892    40.001999
  1941    36.861453    40.095001
  1942    30.354039    40.188999
  1943  -173.200614    40.284000
  1944    50.126201    40.379002
  1945   -40.455804    40.473999
  1946   -56.581476    40.570000
  1947   -53.582561    40.667000
  1948   -99.256026    40.763000
  1949   -11.442697    40.861000
  1950   -18.925875    40.958000
  1951    11.790537    41.056000
  1952   -18.037555    41.154999
  1953    28.321208    41.254002
  1954    13.301320    41.353001
  1955    87.277503    41.452999
  1956    -8.815434    41.553001
  1957   -36.716013    41.653999
  1958     4.135928    41.755001
  1959    27.073842    41.856998
  1960    22.306626    41.959000
  1961   -75.464919    42.061001
  1962     6.317320    42.164001
  1963    18.212441    42.266998
  1964    24.518260    42.370998
  1965     5.900131    42.474998
  1966    37.421613    42.578999
  1967   -32.841501    42.683998
  1968   -36.885556    42.789001
  1969    -7.506017    42.895000
  1970   -26.349078    43.000999
  1971   -10.509756    43.106998
  1972   -25.576279    43.214001
  1973   -22.762758    43.320999
  1974   -67.625503    43.429001
  1975   -13.922997    43.536999
  1976    49.907930    43.645000
  1977    22.527522    43.754002
  1978    53.095188    43.862999
  1979   -62.363941    43.973000
  1980   -10.673713    44.083000
  1981    58.019922    44.193001
  1982   -82.136417    44.303001
  1983     9.101867    44.414001
  1984    38.949154    44.525002
  1985   -61.478050    44.637001
  1986   -39.438738    44.749001
  1987    -6.446515    44.861000
  1988   -67.663752    44.973999
  1989    -4.813252    45.087002
  1990    44.126967    45.201000
  1991   -28.728264    45.313999
  1992    81.971010    45.428001
  1993   -64.971627    45.542999
  1994   -33.358864    45.658001
  1995    40.930264    45.799000
  1996    40.942342    45.915001
